1711523357555 0.5935951379149135 0
1711523779007 0.721645628798504 1
1711524208886 0.7458158017765311 2
1711524627759 0.8701262272089761 3
1711524998918 0.9096306685366995 4
1711525420628 0.9623655913978495 5
1711525794121 0.9946236559139785 6
1711526166690 0.9946236559139785 7
1711526538351 1.0 8
1711526911302 1.0 9
1711527282169 1.0 10
1711527658722 1.0 11
1711528038882 1.0 12
1711528421188 1.0 13
1711528807302 1.0 14
1711529187190 1.0 15
1711529554248 1.0 16
1711529927473 1.0 17
1711530318024 1.0 18
1711530703644 1.0 19
