1711523357556 0.3118279569892473 0
1711523779008 0.4838709677419355 1
1711524208888 0.5698924731182796 2
1711524627761 0.7634408602150538 3
1711524998920 0.8279569892473119 4
1711525420629 0.9247311827956989 5
1711525794122 0.989247311827957 6
1711526166691 0.989247311827957 7
1711526538352 1.0 8
1711526911303 1.0 9
1711527282171 1.0 10
1711527658723 1.0 11
1711528038884 1.0 12
1711528421189 1.0 13
1711528807304 1.0 14
1711529187191 1.0 15
1711529554250 1.0 16
1711529927475 1.0 17
1711530318026 1.0 18
1711530703646 1.0 19
