1711496680442 0.4378103912344493 0
1711496893181 0.6796101620214454 1
1711497109485 0.7487523405536701 2
1711497293941 0.7407880218914081 3
1711497477223 0.8844539315068 4
1711497661064 0.9855471204012077 5
1711497845334 0.9929732749128051 6
1711498029186 0.9976923407851529 7
1711498213337 0.999294659909483 8
1711498399070 0.9994154766305172 9
1711498614824 0.9997699893973722 10
1711498796195 0.9997699893973722 11
1711498984928 0.9997699893973722 12
1711499173660 1.0 13
1711499367002 1.0 14
1711499560454 1.0 15
1711499756611 1.0 16
1711499954992 1.0 17
1711500146068 1.0 18
1711500331714 1.0 19
