1711496680446 0.26881720430107525 0
1711496893186 0.46236559139784944 1
1711497109489 0.5913978494623656 2
1711497293945 0.5591397849462365 3
1711497477227 0.6881720430107527 4
1711497661069 0.8279569892473119 5
1711497845338 0.9032258064516129 6
1711498029190 0.9247311827956989 7
1711498213341 0.946236559139785 8
1711498399074 0.946236559139785 9
1711498614828 0.946236559139785 10
1711498796200 0.946236559139785 11
1711498984933 0.967741935483871 12
1711499173665 0.967741935483871 13
1711499367006 0.967741935483871 14
1711499560458 0.967741935483871 15
1711499756616 0.978494623655914 16
1711499954996 0.978494623655914 17
1711500146072 0.978494623655914 18
1711500331718 0.978494623655914 19
