1711496680448 0.927536231884058 0
1711496893187 0.9507246376811594 1
1711497109490 0.9623188405797102 2
1711497293946 0.9594202898550724 3
1711497477229 0.9797101449275363 4
1711497661070 0.9971014492753624 5
1711497845339 0.9971014492753624 6
1711498029191 0.9971014492753624 7
1711498213342 0.9971014492753624 8
1711498399076 0.9971014492753624 9
1711498614829 1.0 10
1711498796201 1.0 11
1711498984934 1.0 12
1711499173666 1.0 13
1711499367007 1.0 14
1711499560459 1.0 15
1711499756617 1.0 16
1711499954998 1.0 17
1711500146074 1.0 18
1711500331720 1.0 19
