1711496680443 0.54893984549496 0
1711496893183 0.39474064681725224 1
1711497109486 0.3466907693879157 2
1711497293942 0.32299671628082927 3
1711497477224 0.22349211701580898 4
1711497661066 0.12641133336169166 5
1711497845335 0.09563512360296356 6
1711498029187 0.07878645209899274 7
1711498213338 0.06862202226015605 8
1711498399071 0.06220275406260794 9
1711498614825 0.05295709869890901 10
1711498796197 0.05019620430351519 11
1711498984930 0.04789881001844627 12
1711499173662 0.046135485855797485 13
1711499367003 0.04419107773622098 14
1711499560455 0.04188893897777 15
1711499756613 0.041215006008592424 16
1711499954993 0.0403766313723888 17
1711500146070 0.03975836691624728 18
1711500331715 0.03922211750992207 19
