1711444055730 0.6130434782608696 0
1711444436794 0.7156615240766714 1
1711444813796 0.6978494623655914 2
1711445188438 0.7929873772791024 3
1711445569136 0.8686769518466573 4
1711445948151 0.893080878915381 5
1711446323714 0.9594670406732118 6
1711446648841 0.9838709677419355 7
1711447013669 0.9946236559139785 8
1711447351616 0.9946236559139785 9
1711447684536 1.0 10
1711448023474 1.0 11
1711448354996 1.0 12
1711448692435 1.0 13
1711449021165 1.0 14
1711449357761 1.0 15
1711449699579 1.0 16
1711450043096 1.0 17
1711450374084 1.0 18
1711450708750 1.0 19
