1711444055726 0.38509316770186336 0
1711444436788 0.5915492957746479 1
1711444813790 0.5408805031446541 2
1711445188433 0.7073170731707317 3
1711445569132 0.8208092485549132 4
1711445948146 0.857142857142857 5
1711446323709 0.9502762430939227 6
1711446648836 0.9836065573770492 7
1711447013665 0.9945945945945946 8
1711447351612 0.9945945945945946 9
1711447684531 1.0 10
1711448023470 1.0 11
1711448354992 1.0 12
1711448692431 1.0 13
1711449021160 1.0 14
1711449357756 1.0 15
1711449699574 1.0 16
1711450043091 1.0 17
1711450374079 1.0 18
1711450708745 1.0 19
