1711444055729 0.5540448401270001 0
1711444436793 0.4157766549143415 1
1711444813795 0.37583269134180836 2
1711445188437 0.2849025107597586 3
1711445569135 0.23656349266181242 4
1711445948149 0.1686855864960085 5
1711446323712 0.07706485877145924 6
1711446648840 0.042893539999337274 7
1711447013668 0.024890053617927666 8
1711447351615 0.017845766451935325 9
1711447684534 0.01407238466463028 10
1711448023473 0.01276440211806307 11
1711448354995 0.011630016634626632 12
1711448692434 0.010860437089957084 13
1711449021163 0.01029100111108622 14
1711449357760 0.009591541945687345 15
1711449699577 0.00914108971674395 16
1711450043094 0.008535983640648713 17
1711450374083 0.008150125335430455 18
1711450708749 0.0077927754703777385 19
