1711428900306 0.5809724170172978 0
1711429079838 0.6846189808321645 1
1711429283421 0.7900888265544648 2
1711429450237 0.8231884057971015 3
1711429630453 0.9096306685366995 4
1711429787000 0.9286582515194016 5
1711429945647 0.9623655913978495 6
1711430104989 0.978494623655914 7
1711430266385 0.9838709677419355 8
1711430428643 0.978494623655914 9
1711430589776 0.9838709677419355 10
1711430753456 0.9946236559139785 11
1711430914857 0.9946236559139785 12
1711431076696 0.9946236559139785 13
1711431229487 0.9946236559139785 14
1711431389021 1.0 15
1711431549470 0.9946236559139785 16
1711431694328 1.0 17
1711431856897 1.0 18
1711432028544 1.0 19
