1711428900301 0.3313609467455621 0
1711429079834 0.5194805194805195 1
1711429283417 0.6987951807228916 2
1711429450232 0.7654320987654322 3
1711429630448 0.8901734104046244 4
1711429786996 0.9195402298850573 5
1711429945642 0.9608938547486032 6
1711430104984 0.978021978021978 7
1711430266379 0.9836065573770492 8
1711430428638 0.978021978021978 9
1711430589772 0.9836065573770492 10
1711430753452 0.9945945945945946 11
1711430914852 0.9945945945945946 12
1711431076691 0.9945945945945946 13
1711431229482 0.9945945945945946 14
1711431389016 1.0 15
1711431549466 0.9945945945945946 16
1711431694323 1.0 17
1711431856893 1.0 18
1711432028539 1.0 19
