1711428900307 0.3010752688172043 0
1711429079839 0.43010752688172044 1
1711429283423 0.6236559139784946 2
1711429450239 0.6666666666666666 3
1711429630454 0.8279569892473119 4
1711429787002 0.8602150537634409 5
1711429945648 0.9247311827956989 6
1711430104990 0.956989247311828 7
1711430266386 0.967741935483871 8
1711430428644 0.956989247311828 9
1711430589778 0.967741935483871 10
1711430753457 0.989247311827957 11
1711430914858 0.989247311827957 12
1711431076697 0.989247311827957 13
1711431229489 0.989247311827957 14
1711431389022 1.0 15
1711431549472 0.989247311827957 16
1711431694329 1.0 17
1711431856898 1.0 18
1711432028545 1.0 19
