1711428900304 0.6573860614297364 0
1711429079837 0.4564919698867547 1
1711429283420 0.32088217863152857 2
1711429450236 0.23243532364817235 3
1711429630452 0.1720552750446621 4
1711429786999 0.10861218680215498 5
1711429945645 0.06976603582842222 6
1711430104987 0.05708081014927315 7
1711430266383 0.05120743740314528 8
1711430428641 0.04527267747395395 9
1711430589775 0.03832898126966841 10
1711430753455 0.038013872306304805 11
1711430914856 0.03484802488352324 12
1711431076694 0.03333785830842861 13
1711431229486 0.031353143189891804 14
1711431389019 0.030624225134107338 15
1711431549469 0.029633084178469195 16
1711431694326 0.029732274330725512 17
1711431856895 0.028420708673816505 18
1711432028542 0.027417462962906366 19
