1711500550471 0.3333333333333333 0
1711500806755 0.3870967741935484 1
1711501028714 0.6021505376344086 2
1711501249761 0.8064516129032258 3
1711501473501 0.8817204301075269 4
1711501694823 0.956989247311828 5
1711501918607 0.967741935483871 6
1711502143278 0.989247311827957 7
1711502369669 0.989247311827957 8
1711502624721 0.989247311827957 9
1711502848449 1.0 10
1711503070245 1.0 11
1711503295185 1.0 12
1711503521235 1.0 13
1711503745158 1.0 14
1711503969218 1.0 15
1711504190160 1.0 16
1711504413522 1.0 17
1711504635807 1.0 18
1711504860030 1.0 19
