1711500550468 0.5691970125320218 0
1711500806753 0.46345030601092796 1
1711501028711 0.3046154428932929 2
1711501249758 0.18485226621606718 3
1711501473498 0.10333582112306966 4
1711501694821 0.057458646912884444 5
1711501918604 0.043282204066209286 6
1711502143275 0.036282450043597224 7
1711502369666 0.032145017560099125 8
1711502624719 0.028471966315479207 9
1711502848446 0.02516360721059356 10
1711503070242 0.024347440327261567 11
1711503295182 0.02345672284155879 12
1711503521232 0.02271352755467713 13
1711503745155 0.022123099684061398 14
1711503969215 0.021018031986789466 15
1711504190157 0.020743252388784394 16
1711504413519 0.0204522956098063 17
1711504635804 0.02021064644857057 18
1711504860028 0.019935944944901172 19
