1711425644317 0.6208976157082748 0
1711425833291 0.733426834969612 1
1711426031806 0.7836839644693783 2
1711426191393 0.8719962599345489 3
1711426373381 0.9071528751753156 4
1711426535126 0.9623655913978495 5
1711426687473 0.967741935483871 6
1711426870292 0.967741935483871 7
1711427027803 0.978494623655914 8
1711427185744 0.978494623655914 9
1711427340377 0.9838709677419355 10
1711427528691 0.989247311827957 11
1711427688619 0.989247311827957 12
1711427832029 0.989247311827957 13
1711427981228 0.989247311827957 14
1711428142544 0.989247311827957 15
1711428289464 0.989247311827957 16
1711428445925 0.989247311827957 17
1711428593902 0.989247311827957 18
1711428746879 0.989247311827957 19
