1711425644313 0.39999999999999997 0
1711425833287 0.6075949367088608 1
1711426031800 0.6956521739130435 2
1711426191389 0.8433734939759036 3
1711426373377 0.8941176470588236 4
1711426535122 0.9608938547486032 5
1711426687469 0.9666666666666666 6
1711426870288 0.9666666666666666 7
1711427027799 0.978021978021978 8
1711427185740 0.978021978021978 9
1711427340373 0.9836065573770492 10
1711427528687 0.9891304347826088 11
1711427688615 0.9891304347826088 12
1711427832024 0.9891304347826088 13
1711427981224 0.9891304347826088 14
1711428142537 0.9891304347826088 15
1711428289460 0.9891304347826088 16
1711428445920 0.9891304347826088 17
1711428593898 0.9891304347826088 18
1711428746875 0.9891304347826088 19
