1711425644316 0.5886538717103033 0
1711425833290 0.39545059129335286 1
1711426031804 0.29448773443613074 2
1711426191392 0.18141973537347475 3
1711426373380 0.13047044758045495 4
1711426535125 0.08218421782907254 5
1711426687472 0.06072767854293301 6
1711426870291 0.050345555651302595 7
1711427027802 0.0414803614652066 8
1711427185743 0.03810039440196196 9
1711427340376 0.03302143512060818 10
1711427528690 0.03134703432382299 11
1711427688618 0.030213366694425887 12
1711427832028 0.028898405748035757 13
1711427981227 0.02835035917480613 14
1711428142543 0.02722313900896664 15
1711428289463 0.026479639108362964 16
1711428445923 0.025532519070706878 17
1711428593901 0.02467736596334587 18
1711428746878 0.02416595883747021 19
