1711438595788 0.6330995792426368 0
1711438915167 0.7290790088826554 1
1711439240783 0.819448340345956 2
1711439507858 0.8755025712949976 3
1711439776661 0.9418887330528285 4
1711440085176 0.9838709677419355 5
1711440352416 0.989247311827957 6
1711440619336 1.0 7
1711440878850 1.0 8
1711441146507 1.0 9
1711441415588 1.0 10
1711441679657 1.0 11
1711441953001 1.0 12
1711442227252 1.0 13
1711442496471 1.0 14
1711442745516 1.0 15
1711442994940 1.0 16
1711443238869 1.0 17
1711443490761 1.0 18
1711443746995 1.0 19
