1711438595790 0.3763440860215054 0
1711438915168 0.5161290322580645 1
1711439240784 0.6881720430107527 2
1711439507859 0.7741935483870968 3
1711439776662 0.8924731182795699 4
1711440085177 0.967741935483871 5
1711440352418 0.978494623655914 6
1711440619338 1.0 7
1711440878852 1.0 8
1711441146509 1.0 9
1711441415590 1.0 10
1711441679658 1.0 11
1711441953002 1.0 12
1711442227253 1.0 13
1711442496472 1.0 14
1711442745518 1.0 15
1711442994942 1.0 16
1711443238870 1.0 17
1711443490762 1.0 18
1711443746996 1.0 19
