1711438595787 0.5815247030707529 0
1711438915166 0.3923406997970839 1
1711439240781 0.28676494006540254 2
1711439507857 0.17288632058069042 3
1711439776659 0.10127846275847881 4
1711440085175 0.0555399667510822 5
1711440352415 0.03194144875000592 6
1711440619335 0.02494665984481216 7
1711440878849 0.02016757908754769 8
1711441146506 0.017692877834543364 9
1711441415587 0.01505162326811542 10
1711441679656 0.014202526851672868 11
1711441953000 0.013599910178756542 12
1711442227250 0.013002251639937375 13
1711442496469 0.012381476951016279 14
1711442745515 0.012030272835551185 15
1711442994939 0.011585678316198202 16
1711443238868 0.011341962876012487 17
1711443490759 0.011033472336215539 18
1711443746994 0.010647918417675782 19
