1711530943572 0.6022907900888266 0
1711531212893 0.7290790088826554 1
1711531477385 0.7592800374006545 2
1711531705778 0.796914446002805 3
1711531961729 0.8891538101916783 4
1711532221041 0.9325853202431043 5
1711532476911 0.9623655913978495 6
1711532736335 0.9731182795698925 7
1711532973466 0.9838709677419355 8
1711533203819 0.989247311827957 9
1711533411491 0.9946236559139785 10
1711533632562 1.0 11
1711533869984 1.0 12
1711534098362 1.0 13
1711534325774 1.0 14
1711534554530 1.0 15
1711534783090 1.0 16
1711535017727 1.0 17
1711535240515 1.0 18
1711535467613 1.0 19
