1711505167115 0.3331242494457083 0
1711505535883 0.5822396442826173 1
1711505862856 0.7659548578833743 2
1711506191482 0.8243003863382141 3
1711506561969 0.9625198153681511 4
1711506894137 0.9893295374482272 5
1711507269919 0.9984388769267458 6
1711507599477 0.9997736276174306 7
1711507928168 1.0 8
1711508257802 1.0 9
1711508583467 1.0 10
1711508912644 1.0 11
1711509240760 1.0 12
1711509573179 1.0 13
1711509905332 1.0 14
1711510234725 1.0 15
1711510562623 1.0 16
1711510887667 1.0 17
1711511214788 1.0 18
1711511550543 1.0 19
