1711505167119 0.3010752688172043 0
1711505535887 0.4731182795698925 1
1711505862860 0.6666666666666666 2
1711506191486 0.6881720430107527 3
1711506561973 0.8279569892473119 4
1711506894141 0.9139784946236559 5
1711507269923 0.946236559139785 6
1711507599482 0.967741935483871 7
1711507928173 0.967741935483871 8
1711508257806 0.989247311827957 9
1711508583471 0.989247311827957 10
1711508912648 0.989247311827957 11
1711509240765 1.0 12
1711509573183 1.0 13
1711509905336 1.0 14
1711510234730 1.0 15
1711510562627 1.0 16
1711510887671 1.0 17
1711511214792 1.0 18
1711511550547 1.0 19
