1711523357550 0.35151515151515145 0
1711523779002 0.5921052631578948 1
1711524208881 0.6127167630057804 2
1711524627755 0.8255813953488371 3
1711524998913 0.8901734104046244 4
1711525420623 0.9608938547486032 5
1711525794116 0.9945945945945946 6
1711526166685 0.9945945945945946 7
1711526538346 1.0 8
1711526911297 1.0 9
1711527282165 1.0 10
1711527658716 1.0 11
1711528038877 1.0 12
1711528421183 1.0 13
1711528807298 1.0 14
1711529187185 1.0 15
1711529554244 1.0 16
1711529927469 1.0 17
1711530318020 1.0 18
1711530703640 1.0 19
