1711523357553 0.6730166159919861 0
1711523779006 0.3715563852485303 1
1711524208885 0.40780340452921204 2
1711524627758 0.2348414995125866 3
1711524998917 0.14235700428653486 4
1711525420626 0.05386138498081385 5
1711525794119 0.028423771337097985 6
1711526166689 0.021105215230711037 7
1711526538349 0.01709279687214068 8
1711526911300 0.0144520995878518 9
1711527282168 0.012294803571306799 10
1711527658720 0.011638263639170338 11
1711528038881 0.011129255066141642 12
1711528421186 0.010679941440057262 13
1711528807301 0.01033046647320529 14
1711529187188 0.009809596127184704 15
1711529554247 0.009681708826297245 16
1711529927472 0.009543788810103643 17
1711530318023 0.009413169936790011 18
1711530703643 0.009294943454295188 19
