1711385322864 0.8956521739130435 0
1711385555249 0.8956521739130435 1
1711385770516 0.9304347826086956 2
1711385978026 0.9681159420289855 3
1711386181368 0.9681159420289855 4
1711386389322 0.9971014492753624 5
1711386604325 1.0 6
1711386836632 1.0 7
1711387072506 1.0 8
1711387316156 1.0 9
1711387603631 1.0 10
1711387845651 1.0 11
1711388093589 1.0 12
1711388353947 1.0 13
1711388603735 1.0 14
1711388849702 1.0 15
1711389094731 1.0 16
1711389336666 1.0 17
1711389590368 1.0 18
1711389833405 1.0 19
