1711500550467 0.4431890811585679 0
1711500806751 0.5419744389704805 1
1711501028709 0.7997274284110725 2
1711501249757 0.9378492501949882 3
1711501473497 0.9892948682591836 4
1711501694819 0.9996531123520238 5
1711501918602 1.0 6
1711502143274 1.0 7
1711502369664 1.0 8
1711502624717 1.0 9
1711502848444 1.0 10
1711503070241 1.0 11
1711503295181 1.0 12
1711503521231 1.0 13
1711503745153 1.0 14
1711503969214 1.0 15
1711504190156 1.0 16
1711504413518 1.0 17
1711504635803 1.0 18
1711504860026 1.0 19
