1711500550470 0.6072463768115942 0
1711500806754 0.6486208508648901 1
1711501028712 0.7909303412809725 2
1711501249760 0.8945301542776998 3
1711501473499 0.9408602150537635 4
1711501694822 0.978494623655914 5
1711501918605 0.9838709677419355 6
1711502143277 0.9946236559139785 7
1711502369667 0.9946236559139785 8
1711502624720 0.9946236559139785 9
1711502848447 1.0 10
1711503070244 1.0 11
1711503295183 1.0 12
1711503521234 1.0 13
1711503745156 1.0 14
1711503969217 1.0 15
1711504190159 1.0 16
1711504413521 1.0 17
1711504635805 1.0 18
1711504860029 1.0 19
