1711500550465 0.3757575757575758 0
1711500806749 0.45 1
1711501028708 0.717948717948718 2
1711501249755 0.8620689655172414 3
1711501473494 0.937142857142857 4
1711501694817 0.978021978021978 5
1711501918600 0.9836065573770492 6
1711502143272 0.9945945945945946 7
1711502369663 0.9945945945945946 8
1711502624715 0.9945945945945946 9
1711502848442 1.0 10
1711503070239 1.0 11
1711503295179 1.0 12
1711503521229 1.0 13
1711503745149 1.0 14
1711503969212 1.0 15
1711504190154 1.0 16
1711504413516 1.0 17
1711504635801 1.0 18
1711504860024 1.0 19
