1711455120744 0.6388966806919121 0
1711455416067 0.6575035063113605 1
1711455668679 0.7516129032258065 2
1711455964208 0.8047685834502103 3
1711456215927 0.9160355306217859 4
1711456513689 0.9447872837774661 5
1711456765493 0.9623655913978495 6
1711457023327 0.978494623655914 7
1711457264758 0.9838709677419355 8
1711457504174 0.9946236559139785 9
1711457797321 0.9946236559139785 10
1711458089350 0.9946236559139785 11
1711458331439 0.9946236559139785 12
1711458578051 0.9946236559139785 13
1711458816194 0.9946236559139785 14
1711459059917 1.0 15
1711459313345 0.9946236559139785 16
1711459555046 1.0 17
1711459802812 1.0 18
1711460040057 1.0 19
