9.819288849830627441e-01
9.231053590774536133e-01
6.780191659927368164e-01
1.000000000000000000e+00
9.999942779541015625e-01
9.910004138946533203e-01
9.953141212463378906e-01
9.999445676803588867e-01
9.158831834793090820e-01
9.974013566970825195e-01
9.765868782997131348e-01
9.999530911445617676e-01
9.999796152114868164e-01
9.999719858169555664e-01
9.792685508728027344e-01
9.947233796119689941e-01
9.648913145065307617e-01
9.975844025611877441e-01
9.999940991401672363e-01
9.661309719085693359e-01
1.581592485308647156e-03
2.189719863235950470e-02
7.419683039188385010e-03
4.366490058600902557e-03
7.449128199368715286e-03
7.618416566401720047e-03
8.178165182471275330e-03
7.581394631415605545e-03
1.232973067089915276e-03
2.325698174536228180e-02
1.232002396136522293e-03
2.259920438518747687e-05
3.402411937713623047e-03
2.034762129187583923e-02
8.297775057144463062e-04
5.285791121423244476e-05
5.769427516497671604e-04
2.268226351588964462e-03
1.999382162466645241e-03
5.278825847199186683e-05
1.515284238848835230e-04
5.117343738675117493e-03
3.014013869687914848e-03
1.984960108529776335e-04
5.739562679082155228e-03
7.258752826601266861e-03
5.082293879240751266e-03
1.004620082676410675e-02
2.269179187715053558e-02
3.148115007206797600e-03
3.928335756063461304e-02
3.006160492077469826e-03
5.337122362107038498e-03
6.959099788218736649e-03
1.202027872204780579e-02
4.436151683330535889e-02
7.898822426795959473e-03
8.731789886951446533e-03
1.587848737835884094e-02
6.373062264174222946e-03
2.619185019284486771e-03
1.631698571145534515e-02
1.833660900592803955e-02
1.858922466635704041e-02
1.504198089241981506e-02
3.725751861929893494e-02
2.140842564404010773e-02
4.141376540064811707e-02
5.772055010311305523e-04
6.226574070751667023e-03
2.903584856539964676e-03
1.985847629839554429e-04
1.029000035487115383e-03
5.292021669447422028e-03
5.679167225025594234e-04
4.956064280122518539e-03
1.577393704792484641e-04
1.018951763398945332e-03
4.260193381924182177e-04
2.304434077814221382e-03
6.523795309476554394e-04
2.624206012114882469e-03
1.190302893519401550e-03
9.498247876763343811e-03
6.605259142816066742e-03
1.111826859414577484e-03
8.092259522527456284e-04
2.051775809377431870e-03
2.544603310525417328e-03
1.769461296498775482e-02
2.619486767798662186e-04
1.043085195124149323e-02
1.831082627177238464e-02
1.242223288863897324e-02
4.084667889401316643e-04
1.318157464265823364e-02
2.597132697701454163e-03
3.305117599666118622e-03
1.587887061759829521e-03
4.002944380044937134e-02
5.426463671028614044e-03
1.070798840373754501e-02
6.722042802721261978e-03
1.654241495998576283e-04
3.751486307010054588e-03
4.554212465882301331e-02
1.741288229823112488e-02
9.904729723930358887e-01
9.550533294677734375e-01
9.753430485725402832e-01
9.461581110954284668e-01
9.945864081382751465e-01
9.862414598464965820e-01
9.999995827674865723e-01
8.067225813865661621e-01
9.213864803314208984e-01
9.999689459800720215e-01
9.922336935997009277e-01
9.881622195243835449e-01
9.870150089263916016e-01
9.985728263854980469e-01
9.840559363365173340e-01
9.908993244171142578e-01
9.879682660102844238e-01
9.995830059051513672e-01
9.913473725318908691e-01
9.796250462532043457e-01
7.493094308301806450e-04
6.195595487952232361e-03
4.720046184957027435e-03
3.266846761107444763e-03
1.710254116915166378e-03
8.475325885228812695e-04
4.705557366833090782e-04
9.979509195545688272e-05
7.276111282408237457e-03
4.994248505681753159e-03
1.831298926845192909e-03
1.477498328313231468e-03
1.523454859852790833e-02
1.093233842402696609e-02
2.526217373088002205e-03
8.259388414444401860e-05
5.751720163971185684e-04
1.106038573198020458e-03
2.727195969782769680e-04
7.056895643472671509e-03
1.257200725376605988e-02
1.195837277919054031e-02
1.950754038989543915e-02
4.384389030747115612e-04
1.849060505628585815e-02
3.711709380149841309e-02
8.747735992074012756e-03
4.369124304503202438e-03
8.626732975244522095e-03
5.568375927396118641e-04
3.029126091860234737e-04
2.770854625850915909e-04
1.918778521940112114e-03
3.588909457903355360e-04
2.662587445229291916e-03
1.490624505095183849e-03
8.243516786023974419e-04
8.995363605208694935e-04
7.235070806927978992e-04
2.159160794690251350e-03
5.629613995552062988e-03
2.462366828694939613e-03
1.749329152517020702e-03
4.363660700619220734e-03
6.831214413978159428e-04
2.721403259783983231e-03
9.217782877385616302e-03
4.415879026055335999e-03
1.286459900438785553e-02
4.180256742984056473e-03
5.854875314980745316e-03
3.498598933219909668e-03
5.793275777250528336e-03
6.940607912838459015e-03
1.441860012710094452e-02
1.236878149211406708e-02
4.538547713309526443e-03
6.015119142830371857e-04
5.897057708352804184e-04
1.581566757522523403e-04
1.602902659215033054e-03
7.038980722427368164e-03
6.894268095493316650e-03
3.951368853449821472e-04
3.141351277008652687e-03
2.577400591690093279e-04
2.083891071379184723e-03
2.844170376192778349e-04
4.541798844002187252e-04
1.794117270037531853e-03
6.269181612879037857e-04
7.554742041975259781e-03
1.900713774375617504e-03
1.313144457526504993e-04
4.620207473635673523e-04
5.726104136556386948e-04
1.833783317124471068e-04
1.322345488006249070e-04
4.138395888730883598e-04
2.374160801991820335e-03
9.756173676578328013e-05
2.134756417945027351e-03
1.771694223862141371e-04
1.299024879699572921e-04
6.653385935351252556e-04
7.029014639556407928e-03
4.941548686474561691e-03
6.702833175659179688e-01
9.776996970176696777e-01
9.998002648353576660e-01
9.720379710197448730e-01
8.661401867866516113e-01
9.772442579269409180e-01
9.983115196228027344e-01
9.999480843544006348e-01
9.998012781143188477e-01
9.998662471771240234e-01
9.907671213150024414e-01
9.973484277725219727e-01
9.990746974945068359e-01
9.985384345054626465e-01
9.996344447135925293e-01
9.994214177131652832e-01
8.813784718513488770e-01
9.796753525733947754e-01
9.719581604003906250e-01
5.054178647696971893e-03
3.538944991305470467e-03
1.877368986606597900e-02
2.043512067757546902e-04
7.309711072593927383e-03
6.578019354492425919e-03
8.380577201023697853e-04
1.231540110893547535e-03
2.125794766470789909e-03
3.642300609499216080e-03
3.430537879467010498e-03
1.932204351760447025e-03
3.406395902857184410e-03
1.000018138438463211e-02
2.442594151943922043e-03
1.592233078554272652e-03
3.017962677404284477e-03
1.768957474268972874e-03
9.848878253251314163e-04
4.587139934301376343e-03
8.072840864770114422e-04
2.117934054695069790e-04
4.288794938474893570e-03
4.481554031372070312e-02
3.084208874497562647e-04
2.799913636408746243e-04
6.884897127747535706e-03
1.948144286870956421e-03
3.629704006016254425e-03
2.962442231364548206e-04
2.230961108580231667e-04
1.845532533479854465e-04
8.481891825795173645e-03
8.196684648282825947e-04
5.503943189978599548e-03
5.184113048017024994e-03
1.960769062861800194e-03
1.742740860208868980e-03
9.487442672252655029e-03
3.712537582032382488e-04
7.960014976561069489e-03
1.648332341574132442e-03
7.943929173052310944e-03
4.971182439476251602e-03
2.816946245729923248e-02
2.490437182132154703e-04
1.481312647229060531e-04
3.815972740994766355e-05
3.372355422470718622e-04
1.157090906053781509e-02
5.595071706920862198e-03
4.455155692994594574e-03
2.219289354979991913e-02
8.028240990824997425e-04
4.026960814371705055e-04
9.021141158882528543e-05
5.200327141210436821e-04
4.028814146295189857e-04
4.688995890319347382e-03
3.744986141100525856e-03
1.824626349844038486e-03
3.447404829785227776e-03
7.150979712605476379e-03
6.905688438564538956e-03
3.832351358141750097e-04
2.309760020580142736e-05
9.128475212492048740e-04
4.806606099009513855e-03
4.849245306104421616e-05
9.685759432613849640e-04
1.323098666034638882e-03
3.868756443262100220e-02
2.504438860341906548e-03
4.697662312537431717e-03
2.408294007182121277e-02
1.736382953822612762e-03
6.628345581702888012e-04
1.503899809904396534e-03
7.121257367543876171e-04
2.552434243261814117e-02
4.678790865000337362e-04
3.577375551685690880e-03
2.517350076232105494e-04
9.624796803109347820e-04
4.498506677919067442e-05
9.919664263725280762e-01
9.500024318695068359e-01
9.984757304191589355e-01
9.940712451934814453e-01
9.953855872154235840e-01
9.837887287139892578e-01
9.856338500976562500e-01
9.473785161972045898e-01
9.775745868682861328e-01
9.942908883094787598e-01
9.780175089836120605e-01
9.768640398979187012e-01
9.999948143959045410e-01
9.998574852943420410e-01
9.666800498962402344e-01
9.929251670837402344e-01
9.796832799911499023e-01
9.568471312522888184e-01
9.982541203498840332e-01
1.302568335086107254e-02
1.131775323301553726e-03
1.681914180517196655e-02
8.078509708866477013e-04
5.589991342276334763e-03
5.996275576762855053e-04
6.927915848791599274e-03
8.934624493122100830e-03
2.329429844394326210e-04
2.114034490659832954e-03
2.843509893864393234e-03
2.417103853076696396e-03
1.841978542506694794e-02
2.939340483862906694e-04
6.937815342098474503e-04
1.299310242757201195e-03
1.521975360810756683e-02
5.748279392719268799e-03
6.936821155250072479e-03
8.862000890076160431e-03
1.017279643565416336e-02
6.479743751697242260e-04
2.153301844373345375e-03
9.750526398420333862e-03
7.246920373290777206e-03
5.234214011579751968e-03
1.714702136814594269e-02
1.341136288829147816e-03
1.913569285534322262e-03
3.751811012625694275e-02
1.182653568685054779e-02
1.156107289716601372e-03
8.896135725080966949e-03
1.083234045654535294e-02
1.039913389831781387e-02
1.360558159649372101e-02
1.666184049099683762e-03
2.510117134079337120e-03
1.794607378542423248e-03
4.779872950166463852e-03
4.590638913214206696e-03
2.581494627520442009e-03
5.005213461117818952e-05
1.081870053894817829e-03
2.030309289693832397e-02
8.392533287405967712e-03
7.641242817044258118e-03
1.081339782103896141e-03
6.169093307107686996e-03
4.912770353257656097e-03
1.920014910865575075e-04
2.471400366630405188e-04
4.419215396046638489e-02
7.082324009388685226e-04
2.420026995241641998e-02
4.028408322483301163e-03
1.920394413173198700e-02
7.888487307354807854e-04
5.455169826745986938e-03
5.812543909996747971e-03
2.280097454786300659e-03
4.968637134879827499e-03
2.201427705585956573e-03
2.841607294976711273e-02
3.823969746008515358e-04
6.385343731380999088e-04
7.053971057757735252e-04
6.833988009020686150e-04
3.115596773568540812e-04
1.461815834045410156e-02
8.450046181678771973e-03
1.204627752304077148e-02
9.358826093375682831e-03
1.760006137192249298e-02
1.056574005633592606e-02
5.093227606266736984e-03
1.631331816315650940e-02
2.246318850666284561e-03
1.857257215306162834e-03
6.525933858938515186e-04
5.577441770583391190e-04
5.322744138538837433e-03
5.943519645370543003e-04
4.549450706690549850e-03
3.933285363018512726e-03
3.563335863873362541e-03
