1711511908201 0.40182247266167953 0
1711512317945 0.6964537073068338 1
1711512733206 0.8786221870631334 2
1711513111037 0.9779866136078377 3
1711513477415 0.9953922084275144 4
1711513844086 0.999247311827957 5
1711514210023 0.9997736276174306 6
1711514642064 0.9998856097002974 7
1711515057985 1.0 8
1711515468542 0.9999999999999999 9
1711515824365 1.0 10
1711516179619 1.0 11
1711516536176 1.0 12
1711516897057 1.0 13
1711517253789 1.0 14
1711517611962 1.0 15
1711517966780 1.0 16
1711518327927 1.0 17
1711518691979 1.0 18
1711519055500 1.0 19
