1711511908204 0.6035063113604489 0
1711512317948 0.7359046283309958 1
1711512733209 0.8554464703132305 2
1711513111039 0.9272089761570828 3
1711513477418 0.9623655913978495 4
1711513844089 0.978494623655914 5
1711514210026 0.9838709677419355 6
1711514642068 0.9838709677419355 7
1711515057987 0.989247311827957 8
1711515468544 0.989247311827957 9
1711515824368 0.9946236559139785 10
1711516179622 0.9946236559139785 11
1711516536179 1.0 12
1711516897060 1.0 13
1711517253792 1.0 14
1711517611965 1.0 15
1711517966783 1.0 16
1711518327930 1.0 17
1711518691982 1.0 18
1711519055502 1.0 19
