1711511908199 0.3728813559322034 0
1711512317943 0.608695652173913 1
1711512733204 0.8095238095238095 2
1711513111034 0.9142857142857143 3
1711513477412 0.9608938547486032 4
1711513844084 0.978021978021978 5
1711514210022 0.9836065573770492 6
1711514642062 0.9836065573770492 7
1711515057982 0.9891304347826088 8
1711515468540 0.9891304347826088 9
1711515824363 0.9945945945945946 10
1711516179618 0.9945945945945946 11
1711516536174 1.0 12
1711516897055 1.0 13
1711517253787 1.0 14
1711517611960 1.0 15
1711517966778 1.0 16
1711518327925 1.0 17
1711518691978 1.0 18
1711519055498 1.0 19
