1711511908206 0.3548387096774194 0
1711512317949 0.5268817204301075 1
1711512733210 0.7311827956989247 2
1711513111041 0.8602150537634409 3
1711513477419 0.9247311827956989 4
1711513844090 0.956989247311828 5
1711514210028 0.967741935483871 6
1711514642069 0.967741935483871 7
1711515057989 0.978494623655914 8
1711515468546 0.978494623655914 9
1711515824369 0.989247311827957 10
1711516179624 0.989247311827957 11
1711516536180 1.0 12
1711516897062 1.0 13
1711517253793 1.0 14
1711517611966 1.0 15
1711517966785 1.0 16
1711518327931 1.0 17
1711518691984 1.0 18
1711519055504 1.0 19
