1711511908203 0.6747431269519671 0
1711512317946 0.372468135240412 1
1711512733207 0.23462182349202548 2
1711513111038 0.11541332761807305 3
1711513477417 0.06776541446702784 4
1711513844088 0.041450915796326246 5
1711514210025 0.031474980430269 6
1711514642066 0.02731208468237523 7
1711515057986 0.02489018117171106 8
1711515468543 0.022577489032382998 9
1711515824366 0.019822758000331644 10
1711516179621 0.018923963448503413 11
1711516536178 0.018363047541737114 12
1711516897059 0.017643933987804963 13
1711517253791 0.017636918701937364 14
1711517611963 0.016414507920489197 15
1711517966782 0.016208419135712943 16
1711518327928 0.016041885430737514 17
1711518691981 0.015813394812227766 18
1711519055501 0.015667861984551276 19
