1711394328541 0.31044079552665527 0
1711394640698 0.3367915374881699 1
1711394909906 0.3045158699403447 2
1711395187955 0.32507415771607695 3
1711395464229 0.29999928591299724 4
1711395740370 0.29473609219198443 5
1711396011057 0.3388679467501744 6
1711396281984 0.285214740276417 7
1711396555081 0.20401790985803886 8
1711396842597 0.2789641563340636 9
1711397108147 0.28288808046747255 10
1711397397451 0.22114502508463912 11
1711397692379 0.2862159233284893 12
1711397967333 0.27819731406924975 13
1711398241061 0.24285089838156287 14
1711398513971 0.29040050527881683 15
1711398787263 0.24189170521832237 16
1711399060790 0.31535395680600664 17
1711399347396 0.2522736802455044 18
1711399631461 0.31237993667858843 19
