1711394328539 0.1889763779527559 0
1711394640695 0.22429906542056074 1
1711394909904 0.21428571428571427 2
1711395187953 0.1714285714285714 3
1711395464228 0.17307692307692307 4
1711395740368 0.08247422680412372 5
1711396011054 0.15841584158415845 6
1711396281983 0.1346153846153846 7
1711396555079 0.04166666666666667 8
1711396842594 0.12121212121212122 9
1711397108144 0.10101010101010101 10
1711397397448 0.020833333333333336 11
1711397692376 0.08247422680412372 12
1711397967332 0.0625 13
1711398241060 0.0625 14
1711398513969 0.12 15
1711398787261 0.0625 16
1711399060788 0.08163265306122451 17
1711399347394 0.0625 18
1711399631459 0.08163265306122451 19
