1711394328546 0.936231884057971 0
1711394640703 0.9942028985507246 1
1711394909911 0.9797101449275363 2
1711395187960 0.991304347826087 3
1711395464235 0.9942028985507246 4
1711395740376 1.0 5
1711396011062 1.0 6
1711396281990 0.9884057971014493 7
1711396555086 0.9971014492753624 8
1711396842603 1.0 9
1711397108153 0.9971014492753624 10
1711397397456 0.9942028985507246 11
1711397692385 1.0 12
1711397967339 1.0 13
1711398241067 1.0 14
1711398513977 0.9971014492753624 15
1711398787268 1.0 16
1711399060795 0.9971014492753624 17
1711399347401 1.0 18
1711399631467 0.9971014492753624 19
