1711394328542 0.6868491600757702 0
1711394640699 0.6373728207430069 1
1711394909907 0.63186731967359 2
1711395187956 0.601816921831014 3
1711395464231 0.6312582910775322 4
1711395740372 0.6616859352577596 5
1711396011058 0.6085939157511518 6
1711396281986 0.6435228525639669 7
1711396555082 0.6974028227392974 8
1711396842598 0.645321131415174 9
1711397108149 0.6099375465961352 10
1711397397452 0.6206797682711228 11
1711397692381 0.6266727593799705 12
1711397967335 0.5703210298431246 13
1711398241063 0.6303429530155271 14
1711398513973 0.5637301774993199 15
1711398787264 0.647022361335553 16
1711399060791 0.5637796310087045 17
1711399347397 0.5722678105801888 18
1711399631462 0.5834627997663858 19
