1711390156178 0.6706644691969161 0
1711390382863 0.5886273353475414 1
1711390612449 0.5558752451585308 2
1711390803811 0.5244343185193463 3
1711390990372 0.5088417200056929 4
1711391177092 0.48812073724318855 5
1711391369378 0.46887048905434675 6
1711391586995 0.4489718637339873 7
1711391771690 0.4290360578391106 8
1711391959726 0.41365673117441676 9
1711392154723 0.3989817047466154 10
1711392354246 0.3872606751241096 11
1711392581345 0.3741627107608264 12
1711392800634 0.3699290866976323 13
1711393012737 0.3613742685124074 14
1711393221379 0.3498011018366438 15
1711393424790 0.34156254456978136 16
1711393638063 0.3319554445610199 17
1711393845484 0.3238786009212607 18
1711394048991 0.31735740823577663 19
