1711428900303 0.3975573713153646 0
1711429079835 0.5948664005464885 1
1711429283419 0.7742981437778333 2
1711429450235 0.885775971922291 3
1711429630450 0.940353897465783 4
1711429786998 0.9845451832918888 5
1711429945644 0.998326225010078 6
1711430104986 0.998985790998768 7
1711430266382 1.0 8
1711430428640 1.0 9
1711430589774 1.0 10
1711430753453 1.0 11
1711430914854 1.0 12
1711431076693 1.0 13
1711431229484 1.0 14
1711431389018 1.0 15
1711431549468 1.0 16
1711431694325 1.0 17
1711431856894 1.0 18
1711432028541 1.0 19
