1711491822783 0.3964559018356222 0
1711492067910 0.5880054849719791 1
1711492274005 0.7394969322246079 2
1711492482413 0.9074765177284617 3
1711492686822 0.8452603252801164 4
1711492888636 0.9749320104201156 5
1711493097274 0.9986506650022048 6
1711493309647 1.0 7
1711493549438 1.0 8
1711493793759 1.0 9
1711494053783 1.0 10
1711494290804 1.0 11
1711494537876 1.0 12
1711494820275 1.0 13
1711495121819 1.0 14
1711495397855 1.0 15
1711495668292 1.0 16
1711495940587 1.0 17
1711496217004 1.0 18
1711496493195 1.0 19
