1711491822788 0.3333333333333333 0
1711492067914 0.46236559139784944 1
1711492274009 0.5698924731182796 2
1711492482417 0.7204301075268817 3
1711492686826 0.6666666666666666 4
1711492888640 0.8494623655913979 5
1711493097278 0.9247311827956989 6
1711493309651 0.9354838709677419 7
1711493549442 0.956989247311828 8
1711493793763 0.978494623655914 9
1711494053788 1.0 10
1711494290809 1.0 11
1711494537880 1.0 12
1711494820280 1.0 13
1711495121826 1.0 14
1711495397859 1.0 15
1711495668297 1.0 16
1711495940592 1.0 17
1711496217008 1.0 18
1711496493199 1.0 19
