1711491822790 0.8405797101449275 0
1711492067916 0.9159420289855073 1
1711492274011 0.9652173913043478 2
1711492482419 0.9768115942028985 3
1711492686828 0.9710144927536232 4
1711492888641 0.9884057971014493 5
1711493097280 1.0 6
1711493309652 1.0 7
1711493549443 1.0 8
1711493793764 1.0 9
1711494053789 1.0 10
1711494290810 1.0 11
1711494537882 1.0 12
1711494820281 1.0 13
1711495121827 1.0 14
1711495397861 1.0 15
1711495668298 1.0 16
1711495940593 1.0 17
1711496217009 1.0 18
1711496493201 1.0 19
