1711491822785 0.665554039306495 0
1711492067912 0.4501089715145456 1
1711492274006 0.3648656665863279 2
1711492482415 0.2034848211764522 3
1711492686823 0.27437752395726833 4
1711492888637 0.12259051243376137 5
1711493097275 0.06806391802738435 6
1711493309648 0.05060348264388211 7
1711493549439 0.04104199635292695 8
1711493793760 0.035772517352226876 9
1711494053785 0.02915118906827923 10
1711494290806 0.02722180221675454 11
1711494537877 0.02619369550261475 12
1711494820277 0.025016770084865594 13
1711495121821 0.02412506002406741 14
1711495397856 0.022866741158009764 15
1711495668294 0.022627489532219644 16
1711495940589 0.02228428640994679 17
1711496217005 0.022107492697838814 18
1711496493196 0.021825184202124745 19
