1711410410754 0.26356589147286824 0
1711410865043 0.14953271028037382 1
1711411271444 0.1386138613861386 2
1711411674033 0.12121212121212122 3
1711412078902 0.11881188118811882 4
1711412489964 0.08163265306122451 5
1711412890582 0.12 6
1711413293299 0.08247422680412372 7
1711413695770 0.061855670103092786 8
1711414092378 0.11881188118811882 9
1711414489638 0.14 10
1711414880964 0.17475728155339806 11
1711415265842 0.19417475728155342 12
1711415655747 0.10204081632653061 13
1711416040640 0.22429906542056074 14
1711416430062 0.24299065420560742 15
1711416822459 0.25925925925925924 16
1711417221007 0.3035714285714286 17
1711417608584 0.3652173913043478 18
1711417997450 0.32142857142857145 19
