1711565621160 0.6172376648742455 0
1711565922376 0.38672553573265867 1
1711566182074 0.23937308033093888 2
1711566485369 0.13199246588593305 3
1711566744430 0.09078262486228042 4
1711567050668 0.04072655413505476 5
1711567304409 0.02866061854853087 6
1711567583008 0.023437610593013695 7
1711567825272 0.021363039860216357 8
1711568062933 0.018749970675615468 9
1711568313036 0.01671474050324253 10
1711568558890 0.016166554280683098 11
1711568803365 0.01537145511895596 12
1711569052623 0.014828749292903353 13
1711569307997 0.014282078969848783 14
1711569566831 0.013677991947872151 15
1711569819440 0.013497940147812661 16
1711570065999 0.013280608137505236 17
1711570318729 0.013099114542048169 18
1711570584708 0.013004947753991985 19
