1711491822786 0.5869565217391304 0
1711492067913 0.6891538101916783 1
1711492274008 0.7675549322113138 2
1711492482416 0.8486208508648901 3
1711492686825 0.8188405797101449 4
1711492888638 0.9189340813464235 5
1711493097277 0.9623655913978495 6
1711493309650 0.967741935483871 7
1711493549440 0.978494623655914 8
1711493793762 0.989247311827957 9
1711494053786 1.0 10
1711494290807 1.0 11
1711494537879 1.0 12
1711494820278 1.0 13
1711495121822 1.0 14
1711495397858 1.0 15
1711495668295 1.0 16
1711495940590 1.0 17
1711496217006 1.0 18
1711496493198 1.0 19
