1711491822781 0.3463687150837989 0
1711492067906 0.5212121212121212 1
1711492274003 0.670886075949367 2
1711492482412 0.7976190476190477 3
1711492686820 0.7515151515151516 4
1711492888634 0.8977272727272727 5
1711493097272 0.9608938547486032 6
1711493309645 0.9666666666666666 7
1711493549436 0.978021978021978 8
1711493793757 0.9891304347826088 9
1711494053782 1.0 10
1711494290803 1.0 11
1711494537874 1.0 12
1711494820274 1.0 13
1711495121816 1.0 14
1711495397852 1.0 15
1711495668291 1.0 16
1711495940585 1.0 17
1711496217002 1.0 18
1711496493193 1.0 19
