1711530943569 0.4451568282789526 0
1711531212890 0.6442516857930792 1
1711531477382 0.7257996975285375 2
1711531705775 0.8176898738328814 3
1711531961726 0.9441012428763129 4
1711532221038 0.9914832775925863 5
1711532476908 0.9994154766305172 6
1711532736332 0.9996531123520238 7
1711532973464 1.0 8
1711533203816 1.0 9
1711533411488 1.0 10
1711533632559 1.0 11
1711533869982 1.0 12
1711534098359 1.0 13
1711534325771 1.0 14
1711534554527 1.0 15
1711534783087 1.0 16
1711535017724 1.0 17
1711535240512 1.0 18
1711535467610 1.0 19
