1711530943568 0.36477987421383645 0
1711531212887 0.5962732919254657 1
1711531477380 0.6540880503144654 2
1711531705773 0.710843373493976 3
1711531961725 0.8554913294797687 4
1711532221036 0.9204545454545455 5
1711532476906 0.9608938547486032 6
1711532736330 0.9723756906077349 7
1711532973462 0.9836065573770492 8
1711533203815 0.9891304347826088 9
1711533411486 0.9945945945945946 10
1711533632557 1.0 11
1711533869980 1.0 12
1711534098357 1.0 13
1711534325769 1.0 14
1711534554522 1.0 15
1711534783085 1.0 16
1711535017722 1.0 17
1711535240511 1.0 18
1711535467608 1.0 19
