1711530943574 0.3118279569892473 0
1711531212895 0.5161290322580645 1
1711531477387 0.5591397849462365 2
1711531705779 0.6344086021505376 3
1711531961731 0.7956989247311828 4
1711532221042 0.8709677419354839 5
1711532476912 0.9247311827956989 6
1711532736336 0.946236559139785 7
1711532973468 0.967741935483871 8
1711533203821 0.978494623655914 9
1711533411492 0.989247311827957 10
1711533632563 1.0 11
1711533869986 1.0 12
1711534098363 1.0 13
1711534325775 1.0 14
1711534554531 1.0 15
1711534783091 1.0 16
1711535017728 1.0 17
1711535240517 1.0 18
1711535467614 1.0 19
