1711530943575 0.8927536231884058 0
1711531212896 0.9420289855072463 1
1711531477388 0.9594202898550724 2
1711531705780 0.9594202898550724 3
1711531961732 0.9826086956521739 4
1711532221044 0.9942028985507246 5
1711532476914 1.0 6
1711532736337 1.0 7
1711532973469 1.0 8
1711533203822 1.0 9
1711533411493 1.0 10
1711533632565 1.0 11
1711533869987 1.0 12
1711534098365 1.0 13
1711534325777 1.0 14
1711534554532 1.0 15
1711534783092 1.0 16
1711535017730 1.0 17
1711535240518 1.0 18
1711535467615 1.0 19
