1711530943571 0.5261110982429194 0
1711531212892 0.44190250795539204 1
1711531477384 0.350146557325874 2
1711531705776 0.2879022936927228 3
1711531961728 0.17132307308602487 4
1711532221040 0.0846328085332491 5
1711532476909 0.05605734761668612 6
1711532736333 0.04400771007491529 7
1711532973465 0.034909928501798734 8
1711533203818 0.02915614603483229 9
1711533411489 0.02433983560437117 10
1711533632560 0.02296319322182793 11
1711533869983 0.02172869278628265 12
1711534098360 0.02059048586071934 13
1711534325772 0.019568540821049953 14
1711534554528 0.01828982103268455 15
1711534783088 0.01795343036570045 16
1711535017726 0.017519682865661586 17
1711535240514 0.017227559619402474 18
1711535467611 0.016949013391863513 19
