1711425644314 0.45468396173291353 0
1711425833289 0.6773161652209959 1
1711426031803 0.8080412475521297 2
1711426191390 0.9330379980289847 3
1711426373379 0.969024016313325 4
1711426535123 0.9915002472470675 5
1711426687470 0.998496028486779 6
1711426870289 0.9995448470180255 7
1711427027801 1.0 8
1711427185741 1.0 9
1711427340374 1.0 10
1711427528689 1.0 11
1711427688616 1.0 12
1711427832026 1.0 13
1711427981226 1.0 14
1711428142541 1.0 15
1711428289461 1.0 16
1711428445922 1.0 17
1711428593900 1.0 18
1711428746877 1.0 19
