1711425644319 0.3548387096774194 0
1711425833293 0.5161290322580645 1
1711426031807 0.6021505376344086 2
1711426191394 0.7526881720430108 3
1711426373383 0.8172043010752689 4
1711426535127 0.9247311827956989 5
1711426687474 0.9354838709677419 6
1711426870293 0.9354838709677419 7
1711427027805 0.956989247311828 8
1711427185745 0.956989247311828 9
1711427340378 0.967741935483871 10
1711427528693 0.978494623655914 11
1711427688620 0.978494623655914 12
1711427832030 0.978494623655914 13
1711427981230 0.978494623655914 14
1711428142546 0.978494623655914 15
1711428289465 0.978494623655914 16
1711428445927 0.978494623655914 17
1711428593904 0.978494623655914 18
1711428746881 0.978494623655914 19
