1711432289625 0.379746835443038 0
1711432644110 0.6459627329192545 1
1711433002793 0.7134502923976609 2
1711433308793 0.8799999999999999 3
1711433655885 0.9385474860335195 4
1711433965052 0.978021978021978 5
1711434270075 0.9891304347826088 6
1711434614207 1.0 7
1711434918640 1.0 8
1711435223836 1.0 9
1711435534526 1.0 10
1711435841944 1.0 11
1711436150029 1.0 12
1711436458290 1.0 13
1711436756241 1.0 14
1711437053568 1.0 15
1711437351948 1.0 16
1711437662488 1.0 17
1711437978574 1.0 18
1711438293104 1.0 19
