1711432289631 0.3225806451612903 0
1711432644115 0.5591397849462365 1
1711433002798 0.6559139784946236 2
1711433308798 0.8279569892473119 3
1711433655890 0.9032258064516129 4
1711433965057 0.956989247311828 5
1711434270080 0.978494623655914 6
1711434614212 1.0 7
1711434918645 1.0 8
1711435223842 1.0 9
1711435534533 1.0 10
1711435841950 1.0 11
1711436150034 1.0 12
1711436458296 1.0 13
1711436756247 1.0 14
1711437053574 1.0 15
1711437351954 1.0 16
1711437662494 1.0 17
1711437978580 1.0 18
1711438293110 1.0 19
