1711418231148 0.2646558442906416 0
1711418444252 0.21785378098499636 1
1711418661643 0.26080001736401204 2
1711418874814 0.31760348416612194 3
1711419093126 0.44258653710140144 4
1711419284522 0.6047237445635559 5
1711419475376 0.6433539690752434 6
1711419657876 0.7030932405563117 7
1711419849974 0.7263200809118022 8
1711420038805 0.7957411361103068 9
1711420226071 0.8257490952373202 10
1711420442632 0.8504626478799931 11
1711420627487 0.8605960721134507 12
1711420817027 0.8794436295683967 13
1711421006220 0.8749899011640945 14
1711421191568 0.8819362253336447 15
1711421405998 0.8931938568220075 16
1711421592069 0.9055284016496266 17
1711421783646 0.9007212706613065 18
1711421967064 0.9113534463619725 19
