1711418231152 0.1827956989247312 0
1711418444256 0.0 1
1711418661647 0.0 2
1711418874818 0.0 3
1711419093130 0.0 4
1711419284526 0.0 5
1711419475380 0.0 6
1711419657880 0.0 7
1711419849978 0.0 8
1711420038809 0.0 9
1711420226075 0.0 10
1711420442636 0.0 11
1711420627491 0.010752688172043012 12
1711420817031 0.010752688172043012 13
1711421006223 0.021505376344086023 14
1711421191572 0.03225806451612903 15
1711421406002 0.053763440860215055 16
1711421592073 0.043010752688172046 17
1711421783650 0.0967741935483871 18
1711421967068 0.10752688172043011 19
