1711572621372 0.26881720430107525 0
1711572995695 0.41935483870967744 1
1711573323284 0.4838709677419355 2
1711573692055 0.5483870967741935 3
1711574060971 0.6666666666666666 4
1711574396024 0.6989247311827957 5
1711574782356 0.8494623655913979 6
1711575105463 0.9032258064516129 7
1711575430629 0.9139784946236559 8
1711575750621 0.956989247311828 9
1711576089382 0.989247311827957 10
1711576423005 0.989247311827957 11
1711576753409 0.989247311827957 12
1711577084925 0.989247311827957 13
1711577418943 0.989247311827957 14
1711577762434 1.0 15
1711578097701 1.0 16
1711578433350 1.0 17
1711578758671 1.0 18
1711579094206 1.0 19
