1711438595783 0.4216867469879518 0
1711438915162 0.5962732919254657 1
1711439240778 0.735632183908046 2
1711439507854 0.8323699421965317 3
1711439776656 0.9273743016759777 4
1711440085172 0.9836065573770492 5
1711440352412 0.9891304347826088 6
1711440619330 1.0 7
1711440878846 1.0 8
1711441146503 1.0 9
1711441415584 1.0 10
1711441679653 1.0 11
1711441952997 1.0 12
1711442227247 1.0 13
1711442496466 1.0 14
1711442745512 1.0 15
1711442994936 1.0 16
1711443238864 1.0 17
1711443490756 1.0 18
1711443746990 1.0 19
