1711444055727 0.4472781825059382 0
1711444436791 0.6538685612814814 1
1711444813793 0.6741158359674809 2
1711445188435 0.812116260215489 3
1711445569134 0.8724178632622543 4
1711445948148 0.9307315210497499 5
1711446323711 0.9925517737430353 6
1711446648838 0.9994351978952184 7
1711447013666 1.0 8
1711447351613 1.0 9
1711447684533 1.0 10
1711448023472 1.0 11
1711448354994 1.0 12
1711448692432 1.0 13
1711449021162 1.0 14
1711449357758 1.0 15
1711449699576 1.0 16
1711450043093 1.0 17
1711450374081 1.0 18
1711450708747 1.0 19
