1711444055731 0.3333333333333333 0
1711444436796 0.45161290322580644 1
1711444813797 0.46236559139784944 2
1711445188440 0.6236559139784946 3
1711445569137 0.7634408602150538 4
1711445948152 0.8064516129032258 5
1711446323715 0.9247311827956989 6
1711446648842 0.967741935483871 7
1711447013670 0.989247311827957 8
1711447351617 0.989247311827957 9
1711447684537 1.0 10
1711448023476 1.0 11
1711448354998 1.0 12
1711448692436 1.0 13
1711449021166 1.0 14
1711449357762 1.0 15
1711449699580 1.0 16
1711450043097 1.0 17
1711450374086 1.0 18
1711450708752 1.0 19
