1711444055733 0.8927536231884058 0
1711444436797 0.9797101449275363 1
1711444813799 0.9333333333333333 2
1711445188441 0.9623188405797102 3
1711445569139 0.9739130434782609 4
1711445948154 0.9797101449275363 5
1711446323716 0.9942028985507246 6
1711446648844 1.0 7
1711447013672 1.0 8
1711447351619 1.0 9
1711447684538 1.0 10
1711448023477 1.0 11
1711448354999 1.0 12
1711448692437 1.0 13
1711449021167 1.0 14
1711449357764 1.0 15
1711449699581 1.0 16
1711450043099 1.0 17
1711450374087 1.0 18
1711450708753 1.0 19
