1711455120741 0.4825043013302304 0
1711455416065 0.5494044884350064 1
1711455668676 0.7073477574085387 2
1711455964205 0.8439576060907694 3
1711456215924 0.9444254372277099 4
1711456513685 0.9827765526896483 5
1711456765490 0.9993244199207696 6
1711457023324 0.9998856097002974 7
1711457264755 1.0 8
1711457504171 1.0 9
1711457797319 1.0 10
1711458089347 1.0 11
1711458331436 1.0 12
1711458578048 1.0 13
1711458816191 1.0 14
1711459059914 1.0 15
1711459313342 1.0 16
1711459555043 1.0 17
1711459802810 1.0 18
1711460040054 1.0 19
