1711455120740 0.43209876543209874 0
1711455416063 0.46428571428571425 1
1711455668673 0.6272189349112426 2
1711455964202 0.7176470588235294 3
1711456215921 0.8876404494382023 4
1711456513683 0.9378531073446327 5
1711456765488 0.9608938547486032 6
1711457023321 0.978021978021978 7
1711457264753 0.9836065573770492 8
1711457504168 0.9945945945945946 9
1711457797317 0.9945945945945946 10
1711458089344 0.9945945945945946 11
1711458331434 0.9945945945945946 12
1711458578045 0.9945945945945946 13
1711458816189 0.9945945945945946 14
1711459059911 1.0 15
1711459313339 0.9945945945945946 16
1711459555040 1.0 17
1711459802807 1.0 18
1711460040051 1.0 19
