1711455120745 0.3763440860215054 0
1711455416069 0.41935483870967744 1
1711455668680 0.5698924731182796 2
1711455964209 0.6559139784946236 3
1711456215928 0.8494623655913979 4
1711456513690 0.8924731182795699 5
1711456765495 0.9247311827956989 6
1711457023328 0.956989247311828 7
1711457264759 0.967741935483871 8
1711457504175 0.989247311827957 9
1711457797322 0.989247311827957 10
1711458089351 0.989247311827957 11
1711458331441 0.989247311827957 12
1711458578052 0.989247311827957 13
1711458816195 0.989247311827957 14
1711459059919 1.0 15
1711459313346 0.989247311827957 16
1711459555047 1.0 17
1711459802814 1.0 18
1711460040058 1.0 19
