1711455120747 0.9014492753623189 0
1711455416070 0.8956521739130435 1
1711455668682 0.9333333333333333 2
1711455964210 0.9536231884057971 3
1711456215930 0.9826086956521739 4
1711456513692 0.9971014492753624 5
1711456765496 1.0 6
1711457023330 1.0 7
1711457264760 1.0 8
1711457504177 1.0 9
1711457797324 1.0 10
1711458089353 1.0 11
1711458331442 1.0 12
1711458578054 1.0 13
1711458816196 1.0 14
1711459059920 1.0 15
1711459313348 1.0 16
1711459555049 1.0 17
1711459802815 1.0 18
1711460040060 1.0 19
