1711455120743 0.5347545788161673 0
1711455416066 0.4596148422980528 1
1711455668677 0.362540889010383 2
1711455964206 0.2504503153236681 3
1711456215925 0.15727277578551857 4
1711456513687 0.09959554241541066 5
1711456765492 0.06286275326080559 6
1711457023325 0.04771509618182155 7
1711457264757 0.04209797659614528 8
1711457504172 0.035084746392253716 9
1711457797320 0.029851289902036865 10
1711458089348 0.027115436793975198 11
1711458331438 0.026627218537925695 12
1711458578049 0.02540555929174357 13
1711458816192 0.02458252421891896 14
1711459059916 0.02389578231830842 15
1711459313343 0.023164176773898093 16
1711459555044 0.022242713979944068 17
1711459802811 0.02187241126491398 18
1711460040055 0.021494444061305604 19
