1711538314460 0.5644226273959794 0
1711538799695 0.691023842917251 1
1711539217039 0.7466573165030388 2
1711539633402 0.8242169237961664 3
1711540048751 0.8949509116409538 4
1711540464240 0.9394109396914446 5
1711540877818 0.9623655913978495 6
1711541356809 0.9731182795698925 7
1711541773322 0.9731182795698925 8
1711542185562 0.978494623655914 9
1711542592680 0.9838709677419355 10
1711542994181 0.9838709677419355 11
1711543396886 0.9838709677419355 12
1711543804574 0.9838709677419355 13
1711544213678 0.989247311827957 14
1711544618182 0.9946236559139785 15
1711545027213 0.9946236559139785 16
1711545433892 0.9946236559139785 17
1711545849343 0.9946236559139785 18
1711546254799 0.9946236559139785 19
