1711399883640 0.3870967741935484 0
1711400185887 0.053763440860215055 1
1711400449174 0.021505376344086023 2
1711400711613 0.021505376344086023 3
1711400979782 0.010752688172043012 4
1711401250996 0.021505376344086023 5
1711401521387 0.010752688172043012 6
1711401790560 0.021505376344086023 7
1711402061833 0.010752688172043012 8
1711402346057 0.010752688172043012 9
1711402620981 0.010752688172043012 10
1711402901125 0.0 11
1711403176628 0.0 12
1711403450901 0.021505376344086023 13
1711403728319 0.021505376344086023 14
1711403999819 0.0 15
1711404276473 0.0 16
1711404551882 0.0 17
1711404823093 0.010752688172043012 18
1711405097220 0.0 19
