1711385322858 0.4351124422559965 0
1711385555244 0.5239530189325934 1
1711385770510 0.6179399797931923 2
1711385978020 0.7760081249932094 3
1711386181362 0.8476874979513579 4
1711386389316 0.9669961127242843 5
1711386604319 0.9968457361776617 6
1711386836626 0.9994351978952184 7
1711387072500 1.0 8
1711387316150 1.0 9
1711387603626 1.0 10
1711387845646 1.0 11
1711388093584 1.0 12
1711388353941 1.0 13
1711388603730 1.0 14
1711388849697 1.0 15
1711389094726 1.0 16
1711389336661 1.0 17
1711389590363 1.0 18
1711389833400 1.0 19
