1711385322861 0.61986909770921 0
1711385555247 0.6575035063113605 1
1711385770513 0.701776531089294 2
1711385978023 0.8012622720897615 3
1711386181365 0.8012622720897615 4
1711386389319 0.901776531089294 5
1711386604322 0.967741935483871 6
1711386836629 0.9838709677419355 7
1711387072503 0.9838709677419355 8
1711387316153 0.9838709677419355 9
1711387603629 1.0 10
1711387845648 1.0 11
1711388093587 0.9946236559139785 12
1711388353944 1.0 13
1711388603733 1.0 14
1711388849700 1.0 15
1711389094728 1.0 16
1711389336663 1.0 17
1711389590365 1.0 18
1711389833403 1.0 19
