1711385322855 0.39751552795031053 0
1711385555243 0.46428571428571425 1
1711385770507 0.546583850931677 2
1711385978018 0.7239263803680982 3
1711386181361 0.7239263803680982 4
1711386389314 0.8875739644970414 5
1711386604317 0.9666666666666666 6
1711386836624 0.9836065573770492 7
1711387072498 0.9836065573770492 8
1711387316148 0.9836065573770492 9
1711387603624 1.0 10
1711387845644 1.0 11
1711388093583 0.9945945945945946 12
1711388353939 1.0 13
1711388603729 1.0 14
1711388849696 1.0 15
1711389094724 1.0 16
1711389336659 1.0 17
1711389590361 1.0 18
1711389833399 1.0 19
