1711385322862 0.34408602150537637 0
1711385555248 0.41935483870967744 1
1711385770515 0.4731182795698925 2
1711385978024 0.6344086021505376 3
1711386181367 0.6344086021505376 4
1711386389320 0.8064516129032258 5
1711386604324 0.9354838709677419 6
1711386836630 0.967741935483871 7
1711387072505 0.967741935483871 8
1711387316154 0.967741935483871 9
1711387603630 1.0 10
1711387845650 1.0 11
1711388093588 0.989247311827957 12
1711388353946 1.0 13
1711388603734 1.0 14
1711388849701 1.0 15
1711389094729 1.0 16
1711389336664 1.0 17
1711389590367 1.0 18
1711389833404 1.0 19
