1711385322860 0.5515409913185142 0
1711385555246 0.5135745625338874 1
1711385770512 0.437772193471121 2
1711385978022 0.32431543686431796 3
1711386181364 0.25009382472380476 4
1711386389317 0.13060814825686082 5
1711386604321 0.0769913085025754 6
1711386836628 0.0529529260435036 7
1711387072502 0.04170603403990797 8
1711387316152 0.03369717497864923 9
1711387603627 0.026695224563498314 10
1711387845647 0.024421063646540495 11
1711388093585 0.022508797962660195 12
1711388353943 0.021101861986481528 13
1711388603731 0.019912504102973363 14
1711388849698 0.018707382439530306 15
1711389094727 0.017784651318389987 16
1711389336662 0.016927528806065732 17
1711389590364 0.01632521174142392 18
1711389833402 0.015420462391055715 19
