1711579367330 0.4411945002970672 0
1711579677265 0.737511528616583 1
1711579980249 0.8055413554573848 2
1711580294187 0.8838204244388981 3
1711580597425 0.8861115130569024 4
1711580862580 0.9731500492969661 5
1711581166733 0.999541130269157 6
1711581438053 1.0 7
1711581708445 1.0 8
1711581969290 1.0 9
1711582238360 1.0 10
1711582508066 1.0 11
1711582777378 1.0 12
1711583040568 1.0 13
1711583307323 1.0 14
1711583561674 1.0 15
1711583820741 1.0 16
1711584088769 1.0 17
1711584355490 1.0 18
1711584622214 1.0 19
