1711579367327 0.3668639053254437 0
1711579677263 0.6626506024096386 1
1711579980247 0.7305389221556886 2
1711580294185 0.7999999999999999 3
1711580597423 0.783132530120482 4
1711580862579 0.9017341040462428 5
1711581166731 0.9608938547486032 6
1711581438051 0.9891304347826088 7
1711581708442 0.9891304347826088 8
1711581969288 0.9945945945945946 9
1711582238359 0.9945945945945946 10
1711582508064 1.0 11
1711582777376 1.0 12
1711583040565 1.0 13
1711583307321 1.0 14
1711583561673 1.0 15
1711583820739 1.0 16
1711584088768 1.0 17
1711584355488 1.0 18
1711584622212 1.0 19
