1711579367334 0.3333333333333333 0
1711579677269 0.5913978494623656 1
1711579980253 0.6559139784946236 2
1711580294191 0.7096774193548387 3
1711580597429 0.6989247311827957 4
1711580862585 0.8387096774193549 5
1711581166737 0.9247311827956989 6
1711581438057 0.978494623655914 7
1711581708449 0.978494623655914 8
1711581969294 0.989247311827957 9
1711582238365 0.989247311827957 10
1711582508071 1.0 11
1711582777382 1.0 12
1711583040572 1.0 13
1711583307327 1.0 14
1711583561679 1.0 15
1711583820745 1.0 16
1711584088774 1.0 17
1711584355494 1.0 18
1711584622219 1.0 19
