1711579367332 0.6405338078782081 0
1711579677266 0.3632113260749161 1
1711579980250 0.2952474553806993 2
1711580294188 0.2178022010805998 3
1711580597427 0.2128057464507353 4
1711580862582 0.12495349169553867 5
1711581166734 0.0619918525446356 6
1711581438054 0.037837653867517244 7
1711581708446 0.02836895865995301 8
1711581969291 0.023723508546116587 9
1711582238362 0.019734016664695646 10
1711582508068 0.018028797053340415 11
1711582777379 0.017252749570353873 12
1711583040569 0.01655451459544422 13
1711583307324 0.015742832363660614 14
1711583561676 0.014815801893603651 15
1711583820742 0.014505808525036424 16
1711584088771 0.01424444275717988 17
1711584355491 0.013994156293157574 18
1711584622216 0.013947989908308396 19
