1711595533896 0.4506224767763214 0
1711595908550 0.5328676125554708 1
1711596235627 0.7206898617168782 2
1711596597820 0.8757956498454963 3
1711596919252 0.9386057197577389 4
1711597286317 0.9920524667472568 5
1711597654659 0.9986555010488414 6
1711598024237 0.9997736276174306 7
1711598391649 1.0 8
1711598720196 1.0 9
1711599046604 1.0 10
1711599379864 1.0 11
1711599709518 1.0 12
1711600036953 1.0 13
1711600359361 1.0 14
1711600681276 1.0 15
1711601008923 1.0 16
1711601326285 1.0 17
1711601629070 1.0 18
1711601929875 1.0 19
