1711595533899 0.6335203366058906 0
1711595908553 0.6612435717625058 1
1711596235630 0.7890603085553998 2
1711596597823 0.8461430575035063 3
1711596919255 0.8906030855539973 4
1711597286320 0.946236559139785 5
1711597654662 0.978494623655914 6
1711598024240 0.989247311827957 7
1711598391652 0.989247311827957 8
1711598720199 0.9946236559139785 9
1711599046607 0.9946236559139785 10
1711599379867 0.9946236559139785 11
1711599709521 0.9946236559139785 12
1711600036956 0.989247311827957 13
1711600359364 0.989247311827957 14
1711600681279 0.989247311827957 15
1711601008926 0.989247311827957 16
1711601326288 0.989247311827957 17
1711601629073 0.989247311827957 18
1711601929878 0.989247311827957 19
