1711595533894 0.422360248447205 0
1711595908547 0.47435897435897434 1
1711596235624 0.7037037037037037 2
1711596597818 0.7999999999999999 3
1711596919249 0.8604651162790697 4
1711597286315 0.9431818181818181 5
1711597654657 0.978021978021978 6
1711598024235 0.9891304347826088 7
1711598391647 0.9891304347826088 8
1711598720195 0.9945945945945946 9
1711599046601 0.9945945945945946 10
1711599379861 0.9945945945945946 11
1711599709516 0.9945945945945946 12
1711600036950 0.9891304347826088 13
1711600359360 0.9891304347826088 14
1711600681274 0.9891304347826088 15
1711601008921 0.9891304347826088 16
1711601326282 0.9891304347826088 17
1711601629066 0.9891304347826088 18
1711601929873 0.9891304347826088 19
