1711595533901 0.3655913978494624 0
1711595908555 0.3978494623655914 1
1711596235632 0.6129032258064516 2
1711596597824 0.7096774193548387 3
1711596919256 0.7956989247311828 4
1711597286321 0.8924731182795699 5
1711597654663 0.956989247311828 6
1711598024241 0.978494623655914 7
1711598391653 0.978494623655914 8
1711598720201 0.989247311827957 9
1711599046608 0.989247311827957 10
1711599379868 0.989247311827957 11
1711599709522 0.989247311827957 12
1711600036957 0.978494623655914 13
1711600359366 0.978494623655914 14
1711600681280 0.978494623655914 15
1711601008928 0.978494623655914 16
1711601326290 0.978494623655914 17
1711601629075 0.978494623655914 18
1711601929879 0.978494623655914 19
