1711595533898 0.5824558397201579 0
1711595908552 0.509423549732848 1
1711596235628 0.3616318767027905 2
1711596597821 0.24489969545973167 3
1711596919253 0.16686251787368736 4
1711597286318 0.07553638171645319 5
1711597654660 0.038240147832083106 6
1711598024238 0.02673710761816072 7
1711598391650 0.022465604141689983 8
1711598720198 0.020326950732547717 9
1711599046605 0.01793940426612402 10
1711599379866 0.01722482721011957 11
1711599709519 0.016759814685420038 12
1711600036954 0.016525672286707257 13
1711600359363 0.016123581327633214 14
1711600681278 0.0157903590896182 15
1711601008925 0.015628881245844307 16
1711601326287 0.015430315295075358 17
1711601629072 0.015317369161276592 18
1711601929877 0.015249384174602426 19
