1711422138443 0.38526071544083895 0
1711422326471 0.6217671947495989 1
1711422535072 0.6264090657178331 2
1711422724146 0.8060175120286901 3
1711422916228 0.8773157951952505 4
1711423110375 0.9566637658187368 5
1711423275627 0.9787121485482181 6
1711423442014 0.9958377382044549 7
1711423609541 0.9995349509435398 8
1711423777528 1.0 9
1711423944384 1.0 10
1711424112679 1.0 11
1711424299649 1.0 12
1711424480637 1.0 13
1711424647148 1.0 14
1711424814342 1.0 15
1711424981781 1.0 16
1711425150240 1.0 17
1711425317671 1.0 18
1711425483664 1.0 19
