1711422138445 0.5762505843852268 0
1711422326474 0.6860682561944834 1
1711422535075 0.7032258064516129 2
1711422724148 0.7934081346423563 3
1711422916230 0.8428237494156148 4
1711423110377 0.8744740532959328 5
1711423275629 0.9336138382421693 6
1711423442017 0.9623655913978495 7
1711423609543 0.967741935483871 8
1711423777531 0.9731182795698925 9
1711423944387 0.9946236559139785 10
1711424112681 0.989247311827957 11
1711424299651 0.9946236559139785 12
1711424480639 0.9946236559139785 13
1711424647151 0.9946236559139785 14
1711424814345 0.989247311827957 15
1711424981784 0.9946236559139785 16
1711425150242 1.0 17
1711425317673 1.0 18
1711425483666 1.0 19
