1711422138441 0.3055555555555556 0
1711422326469 0.5228758169934641 1
1711422535070 0.5499999999999999 2
1711422724144 0.7169811320754716 3
1711422916226 0.7790697674418606 4
1711423110373 0.8402366863905325 5
1711423275625 0.9111111111111111 6
1711423442013 0.9608938547486032 7
1711423609539 0.9666666666666666 8
1711423777526 0.9723756906077349 9
1711423944382 0.9945945945945946 10
1711424112677 0.9891304347826088 11
1711424299647 0.9945945945945946 12
1711424480634 0.9945945945945946 13
1711424647146 0.9945945945945946 14
1711424814340 0.9891304347826088 15
1711424981780 0.9945945945945946 16
1711425150238 1.0 17
1711425317669 1.0 18
1711425483662 1.0 19
