1711496680445 0.5981767180925666 0
1711496893184 0.7065451145395044 1
1711497109488 0.7768583450210379 2
1711497293943 0.7592800374006545 3
1711497477226 0.8339410939691445 4
1711497661067 0.9125292192613371 5
1711497845336 0.9501636278634876 6
1711498029189 0.9609163160355306 7
1711498213339 0.9716690042075737 8
1711498399073 0.9716690042075737 9
1711498614827 0.9731182795698925 10
1711498796198 0.9731182795698925 11
1711498984931 0.9838709677419355 12
1711499173663 0.9838709677419355 13
1711499367005 0.9838709677419355 14
1711499560457 0.9838709677419355 15
1711499756614 0.989247311827957 16
1711499954995 0.989247311827957 17
1711500146071 0.989247311827957 18
1711500331717 0.989247311827957 19
