1711496680440 0.34965034965034963 0
1711496893179 0.5620915032679739 1
1711497109483 0.6832298136645962 2
1711497293939 0.6540880503144654 3
1711497477221 0.7804878048780488 4
1711497661063 0.9005847953216375 5
1711497845332 0.943820224719101 6
1711498029184 0.9555555555555556 7
1711498213334 0.967032967032967 8
1711498399067 0.967032967032967 9
1711498614820 0.9723756906077349 10
1711498796193 0.9723756906077349 11
1711498984927 0.9836065573770492 12
1711499173658 0.9836065573770492 13
1711499367000 0.9836065573770492 14
1711499560452 0.9836065573770492 15
1711499756610 0.9891304347826088 16
1711499954990 0.9891304347826088 17
1711500146067 0.9891304347826088 18
1711500331711 0.9891304347826088 19
