1711546546231 0.39751552795031053 0
1711546867840 0.6477272727272727 1
1711547188353 0.7630057803468208 2
1711547470613 0.9132947976878614 3
1711547748606 0.967032967032967 4
1711548036898 0.9836065573770492 5
1711548331057 1.0 6
1711548622051 1.0 7
1711548894054 1.0 8
1711549215497 1.0 9
1711549539368 1.0 10
1711549867620 1.0 11
1711550207779 1.0 12
1711550568363 1.0 13
1711550932107 1.0 14
1711551277260 1.0 15
1711551614017 1.0 16
1711551912644 1.0 17
1711552224779 1.0 18
1711552532492 1.0 19
