1711460354257 0.3658536585365853 0
1711460739206 0.5988023952095809 1
1711461086585 0.6503067484662578 2
1711461425347 0.7455621301775148 3
1711461776276 0.7011494252873562 4
1711462179609 0.8228571428571428 5
1711462529625 0.9152542372881356 6
1711462881463 0.9613259668508287 7
1711463214739 0.9836065573770492 8
1711463546097 0.9836065573770492 9
1711463879271 0.9836065573770492 10
1711464225975 0.9945945945945946 11
1711464561436 0.9891304347826088 12
1711464912184 0.9945945945945946 13
1711465249958 0.9945945945945946 14
1711465586214 0.9945945945945946 15
1711465977041 0.9945945945945946 16
1711466324954 0.9945945945945946 17
1711466670583 0.9945945945945946 18
1711467011200 1.0 19
