1711460354264 0.3225806451612903 0
1711460739214 0.5376344086021505 1
1711461086592 0.5698924731182796 2
1711461425354 0.6774193548387096 3
1711461776284 0.6559139784946236 4
1711462179617 0.7741935483870968 5
1711462529633 0.8709677419354839 6
1711462881469 0.9354838709677419 7
1711463214744 0.967741935483871 8
1711463546103 0.967741935483871 9
1711463879277 0.967741935483871 10
1711464225980 0.989247311827957 11
1711464561442 0.978494623655914 12
1711464912190 0.989247311827957 13
1711465249963 0.989247311827957 14
1711465586220 0.989247311827957 15
1711465977047 0.989247311827957 16
1711466324960 0.989247311827957 17
1711466670591 0.989247311827957 18
1711467011206 1.0 19
