1711460354265 0.881159420289855 0
1711460739215 0.9304347826086956 1
1711461086594 0.9507246376811594 2
1711461425355 0.9623188405797102 3
1711461776285 0.9420289855072463 4
1711462179619 0.9710144927536232 5
1711462529634 0.991304347826087 6
1711462881470 0.9971014492753624 7
1711463214746 1.0 8
1711463546104 1.0 9
1711463879278 1.0 10
1711464225982 1.0 11
1711464561443 1.0 12
1711464912191 1.0 13
1711465249965 1.0 14
1711465586221 1.0 15
1711465977048 1.0 16
1711466324961 1.0 17
1711466670592 1.0 18
1711467011207 1.0 19
