1711460354261 0.5982634917780817 0
1711460739211 0.39594797864703096 1
1711461086589 0.3684592388856895 2
1711461425351 0.2607415043799303 3
1711461776281 0.3109413544017203 4
1711462179614 0.21874077742622375 5
1711462529630 0.11947204136089781 6
1711462881466 0.07364423294487794 7
1711463214742 0.04825272095350482 8
1711463546100 0.03488454547129187 9
1711463879274 0.027510089185322505 10
1711464225978 0.024664113341391625 11
1711464561439 0.022352024861220603 12
1711464912187 0.02068918061070563 13
1711465249961 0.018973841993219685 14
1711465586217 0.017979672154982963 15
1711465977044 0.016703834884554045 16
1711466324957 0.015872658673356993 17
1711466670588 0.014994875760205174 18
1711467011203 0.014560371953209092 19
