1711418231151 0.5218326320710612 0
1711418444255 0.5 1
1711418661646 0.5 2
1711418874817 0.5 3
1711419093129 0.5 4
1711419284524 0.5 5
1711419475379 0.5 6
1711419657879 0.5 7
1711419849977 0.5 8
1711420038808 0.5 9
1711420226074 0.5 10
1711420442635 0.5 11
1711420627490 0.5053763440860215 12
1711420817030 0.5053763440860215 13
1711421006222 0.510752688172043 14
1711421191570 0.5161290322580645 15
1711421406000 0.5268817204301075 16
1711421592071 0.521505376344086 17
1711421783648 0.5483870967741935 18
1711421967066 0.553763440860215 19
