1711418231146 0.21518987341772153 0
1711418444250 0.0 1
1711418661642 0.0 2
1711418874813 0.0 3
1711419093124 0.0 4
1711419284520 0.0 5
1711419475374 0.0 6
1711419657875 0.0 7
1711419849973 0.0 8
1711420038803 0.0 9
1711420226069 0.0 10
1711420442631 0.0 11
1711420627485 0.021276595744680854 12
1711420817025 0.021276595744680854 13
1711421006218 0.04210526315789474 14
1711421191566 0.0625 15
1711421405996 0.10204081632653061 16
1711421592067 0.08247422680412372 17
1711421783644 0.17647058823529413 18
1711421967062 0.19417475728155342 19
