1711418231149 0.6663451190000256 0
1711418444253 0.599539631782057 1
1711418661645 0.5542561120638564 2
1711418874816 0.523317490810673 3
1711419093127 0.48932693174032316 4
1711419284523 0.4647872167635182 5
1711419475377 0.44599567702439824 6
1711419657878 0.4321204189160099 7
1711419849976 0.4220795832472305 8
1711420038807 0.4031912612996689 9
1711420226072 0.3895927684968465 10
1711420442634 0.3782814288571409 11
1711420627488 0.37227978099766934 12
1711420817028 0.3602220605055219 13
1711421006221 0.3586842236725707 14
1711421191569 0.3531979025430875 15
1711421405999 0.3480036651894246 16
1711421592070 0.34033131003209716 17
1711421783647 0.3395602982236098 18
1711421967065 0.3341220003216778 19
