1711505167118 0.5548854604955586 0
1711505535886 0.675689574567555 1
1711505862859 0.7956521739130434 2
1711506191485 0.819448340345956 3
1711506561972 0.9067321178120618 4
1711506894139 0.9511921458625525 5
1711507269922 0.9731182795698925 6
1711507599480 0.9838709677419355 7
1711507928171 0.9838709677419355 8
1711508257805 0.9946236559139785 9
1711508583470 0.9946236559139785 10
1711508912647 0.9946236559139785 11
1711509240763 1.0 12
1711509573181 1.0 13
1711509905335 1.0 14
1711510234728 1.0 15
1711510562626 1.0 16
1711510887670 1.0 17
1711511214791 1.0 18
1711511550546 1.0 19
