1711505167113 0.29946524064171126 0
1711505535881 0.4916201117318436 1
1711505862853 0.6850828729281769 2
1711506191480 0.735632183908046 3
1711506561967 0.8799999999999999 4
1711506894134 0.934065934065934 5
1711507269917 0.9723756906077349 6
1711507599476 0.9836065573770492 7
1711507928167 0.9836065573770492 8
1711508257799 0.9945945945945946 9
1711508583464 0.9945945945945946 10
1711508912642 0.9945945945945946 11
1711509240759 1.0 12
1711509573176 1.0 13
1711509905330 1.0 14
1711510234724 1.0 15
1711510562621 1.0 16
1711510887665 1.0 17
1711511214786 1.0 18
1711511550541 1.0 19
