1711505167117 0.7300858007582223 0
1711505535884 0.477693765754052 1
1711505862858 0.3234527904046136 2
1711506191483 0.29141948993261607 3
1711506561971 0.13474382731454754 4
1711506894138 0.0751206210539513 5
1711507269920 0.04678888543967802 6
1711507599479 0.03604713269394836 7
1711507928170 0.02933643883978155 8
1711508257803 0.025083866516157217 9
1711508583468 0.020936466562882942 10
1711508912645 0.019272402999090384 11
1711509240762 0.01848745912394348 12
1711509573180 0.017655920996548127 13
1711509905333 0.01692107963417501 14
1711510234727 0.01572610498849517 15
1711510562624 0.015466097426688627 16
1711510887668 0.015251472752992804 17
1711511214789 0.015048184383264725 18
1711511550545 0.01482403334658571 19
