1711579367333 0.6014492753623188 0
1711579677268 0.7696119682094437 1
1711579980252 0.8091164095371669 2
1711580294190 0.8461430575035063 3
1711580597428 0.8378681626928471 4
1711580862583 0.9164562879850398 5
1711581166736 0.9623655913978495 6
1711581438056 0.989247311827957 7
1711581708448 0.989247311827957 8
1711581969293 0.9946236559139785 9
1711582238363 0.9946236559139785 10
1711582508069 1.0 11
1711582777381 1.0 12
1711583040571 1.0 13
1711583307325 1.0 14
1711583561677 1.0 15
1711583820744 1.0 16
1711584088772 1.0 17
1711584355493 1.0 18
1711584622217 1.0 19
