1711579367336 0.8695652173913043 0
1711579677270 0.9478260869565217 1
1711579980255 0.9623188405797102 2
1711580294193 0.9826086956521739 3
1711580597431 0.9768115942028985 4
1711580862586 0.9942028985507246 5
1711581166738 1.0 6
1711581438058 1.0 7
1711581708451 1.0 8
1711581969296 1.0 9
1711582238366 1.0 10
1711582508072 1.0 11
1711582777384 1.0 12
1711583040573 1.0 13
1711583307328 1.0 14
1711583561680 1.0 15
1711583820746 1.0 16
1711584088775 1.0 17
1711584355496 1.0 18
1711584622220 1.0 19
