1711422138447 0.23655913978494625 0
1711422326475 0.43010752688172044 1
1711422535076 0.4731182795698925 2
1711422724150 0.6129032258064516 3
1711422916231 0.7204301075268817 4
1711423110379 0.7634408602150538 5
1711423275631 0.8817204301075269 6
1711423442018 0.9247311827956989 7
1711423609545 0.9354838709677419 8
1711423777532 0.946236559139785 9
1711423944388 0.989247311827957 10
1711424112683 0.978494623655914 11
1711424299652 0.989247311827957 12
1711424480641 0.989247311827957 13
1711424647152 0.989247311827957 14
1711424814346 0.978494623655914 15
1711424981785 0.989247311827957 16
1711425150244 1.0 17
1711425317675 1.0 18
1711425483668 1.0 19
