1711422138448 0.9159420289855073 0
1711422326476 0.9420289855072463 1
1711422535077 0.9333333333333333 2
1711422724151 0.9739130434782609 3
1711422916233 0.9652173913043478 4
1711423110380 0.9855072463768116 5
1711423275632 0.9855072463768116 6
1711423442020 1.0 7
1711423609546 1.0 8
1711423777533 1.0 9
1711423944389 1.0 10
1711424112684 1.0 11
1711424299654 1.0 12
1711424480642 1.0 13
1711424647153 1.0 14
1711424814347 1.0 15
1711424981787 1.0 16
1711425150245 1.0 17
1711425317676 1.0 18
1711425483669 1.0 19
