1711422138444 0.5693224526384418 0
1711422326472 0.4289011426217382 1
1711422535073 0.4136410257229544 2
1711422724147 0.28908924400463826 3
1711422916229 0.22452129801323575 4
1711423110376 0.1575460173276852 5
1711423275628 0.12216028161372827 6
1711423442016 0.08328525662113966 7
1711423609542 0.06360255492889329 8
1711423777529 0.051558140995763245 9
1711423944385 0.04127739713416528 10
1711424112680 0.03813245165699796 11
1711424299650 0.03537346669109257 12
1711424480638 0.03394572109709329 13
1711424647149 0.03215830375610402 14
1711424814343 0.030689032413339024 15
1711424981783 0.02928340192714847 16
1711425150241 0.02799981780921154 17
1711425317672 0.026702322716371105 18
1711425483665 0.0259323285685669 19
