1711394328544 0.5326320710612436 0
1711394640700 0.5616175783076204 1
1711394909909 0.5543712014960263 2
1711395187958 0.544039270687237 3
1711395464232 0.5454885460495559 4
1711395740373 0.521505376344086 5
1711396011059 0.543010752688172 6
1711396281987 0.5318373071528751 7
1711396555083 0.5093034128097242 8
1711396842600 0.532258064516129 9
1711397108150 0.5254324450677887 10
1711397397453 0.5024777933613839 11
1711397692382 0.521505376344086 12
1711397967336 0.5161290322580645 13
1711398241064 0.5161290322580645 14
1711398513974 0.5308087891538102 15
1711398787265 0.5161290322580645 16
1711399060793 0.5200561009817672 17
1711399347399 0.5161290322580645 18
1711399631464 0.5200561009817672 19
