1711394328545 0.12903225806451613 0
1711394640702 0.12903225806451613 1
1711394909910 0.12903225806451613 2
1711395187959 0.0967741935483871 3
1711395464233 0.0967741935483871 4
1711395740374 0.043010752688172046 5
1711396011061 0.08602150537634409 6
1711396281988 0.07526881720430108 7
1711396555085 0.021505376344086023 8
1711396842601 0.06451612903225806 9
1711397108152 0.053763440860215055 10
1711397397455 0.010752688172043012 11
1711397692383 0.043010752688172046 12
1711397967337 0.03225806451612903 13
1711398241065 0.03225806451612903 14
1711398513975 0.06451612903225806 15
1711398787267 0.03225806451612903 16
1711399060794 0.043010752688172046 17
1711399347400 0.03225806451612903 18
1711399631465 0.043010752688172046 19
