1711572621368 0.3538222955982228 0
1711572995691 0.6412169189411302 1
1711573323280 0.6324480465896497 2
1711573692051 0.7333906714153219 3
1711574060967 0.8043780899960905 4
1711574396020 0.9337600474847518 5
1711574782352 0.9929966309362961 6
1711575105458 0.9986601938876671 7
1711575430624 0.9998856097002974 8
1711575750616 1.0 9
1711576089378 1.0 10
1711576423000 1.0 11
1711576753405 1.0 12
1711577084920 1.0 13
1711577418938 1.0 14
1711577762430 1.0 15
1711578097697 1.0 16
1711578433346 1.0 17
1711578758667 1.0 18
1711579094201 1.0 19
