1711572621371 0.5778868630201028 0
1711572995693 0.6821411874707808 1
1711573323283 0.7158485273492285 2
1711573692053 0.7495558672276765 3
1711574060969 0.8188405797101449 4
1711574396022 0.8436652641421225 5
1711574782355 0.924731182795699 6
1711575105461 0.9516129032258065 7
1711575430627 0.956989247311828 8
1711575750619 0.978494623655914 9
1711576089381 0.9946236559139785 10
1711576423003 0.9946236559139785 11
1711576753408 0.9946236559139785 12
1711577084923 0.9946236559139785 13
1711577418941 0.9946236559139785 14
1711577762432 1.0 15
1711578097700 1.0 16
1711578433349 1.0 17
1711578758670 1.0 18
1711579094204 1.0 19
