1711572621366 0.3184713375796178 0
1711572995689 0.5165562913907286 1
1711573323278 0.5769230769230769 2
1711573692049 0.6335403726708074 3
1711574060965 0.7515151515151516 4
1711574396018 0.8024691358024693 5
1711574782349 0.9186046511627907 6
1711575105457 0.9491525423728813 7
1711575430622 0.9550561797752808 8
1711575750615 0.978021978021978 9
1711576089376 0.9945945945945946 10
1711576422998 0.9945945945945946 11
1711576753402 0.9945945945945946 12
1711577084918 0.9945945945945946 13
1711577418937 0.9945945945945946 14
1711577762426 1.0 15
1711578097695 1.0 16
1711578433344 1.0 17
1711578758665 1.0 18
1711579094198 1.0 19
