1711572621373 0.8869565217391304 0
1711572995696 0.9449275362318841 1
1711573323286 0.9478260869565217 2
1711573692056 0.9507246376811594 3
1711574060972 0.9710144927536232 4
1711574396025 0.9884057971014493 5
1711574782358 1.0 6
1711575105464 1.0 7
1711575430630 1.0 8
1711575750622 1.0 9
1711576089384 1.0 10
1711576423006 1.0 11
1711576753411 1.0 12
1711577084926 1.0 13
1711577418944 1.0 14
1711577762435 1.0 15
1711578097703 1.0 16
1711578433352 1.0 17
1711578758673 1.0 18
1711579094207 1.0 19
