1711572621369 0.5922955833471137 0
1711572995692 0.4118772920781372 1
1711573323281 0.407055036653738 2
1711573692052 0.34957136636961106 3
1711574060968 0.29672751164402494 4
1711574396021 0.1794061652107576 5
1711574782354 0.10191796867787589 6
1711575105460 0.07605692629274793 7
1711575430626 0.05941388580727086 8
1711575750618 0.047184980799014835 9
1711576089379 0.038404634807133145 10
1711576423002 0.034898419737360346 11
1711576753406 0.032365558762339625 12
1711577084922 0.031226408532948842 13
1711577418940 0.029962282028871988 14
1711577762431 0.02763614124282701 15
1711578097698 0.0268202497352657 16
1711578433347 0.02657264010799819 17
1711578758668 0.026161323981798237 18
1711579094203 0.02592464600967483 19
