1711410410756 0.3442968581893733 0
1711410865045 0.3239619812057781 1
1711411271446 0.3481237607939951 2
1711411674035 0.3531873502297801 3
1711412078904 0.3017336754139044 4
1711412489966 0.34154366755181265 5
1711412890584 0.44526706724037834 6
1711413293301 0.4689828390308153 7
1711413695772 0.4249149327381919 8
1711414092379 0.5342564711650317 9
1711414489639 0.5384788578812765 10
1711414880966 0.5770551023172309 11
1711415265844 0.6050678299464761 12
1711415655748 0.6708969582743111 13
1711416040641 0.6662203300646151 14
1711416430063 0.7226696543894362 15
1711416822462 0.7062274891519351 16
1711417221008 0.7367708686858327 17
1711417608586 0.7645184230816278 18
1711417997452 0.7687128012581401 19
