1711410410759 0.5638616175783077 0
1711410865048 0.534315100514259 1
1711411271448 0.5361851332398317 2
1711411674037 0.532258064516129 3
1711412078907 0.5293595137914914 4
1711412489969 0.5200561009817672 5
1711412890586 0.5308087891538102 6
1711413293304 0.521505376344086 7
1711413695775 0.5146797568957457 8
1711414092382 0.5293595137914914 9
1711414489642 0.5376344086021505 10
1711414880969 0.5469378214118747 11
1711415265846 0.553763440860215 12
1711415655751 0.5268817204301075 13
1711416040644 0.5616175783076204 14
1711416430066 0.5684431977559607 15
1711416822465 0.5738195418419823 16
1711417221011 0.5884992987377279 17
1711417608589 0.6114539504441328 18
1711417997454 0.5953249181860683 19
