1711410410760 0.1827956989247312 0
1711410865049 0.08602150537634409 1
1711411271450 0.07526881720430108 2
1711411674038 0.06451612903225806 3
1711412078908 0.06451612903225806 4
1711412489970 0.043010752688172046 5
1711412890588 0.06451612903225806 6
1711413293305 0.043010752688172046 7
1711413695776 0.03225806451612903 8
1711414092383 0.06451612903225806 9
1711414489643 0.07526881720430108 10
1711414880970 0.0967741935483871 11
1711415265848 0.10752688172043011 12
1711415655752 0.053763440860215055 13
1711416040645 0.12903225806451613 14
1711416430067 0.13978494623655913 15
1711416822466 0.15053763440860216 16
1711417221012 0.1827956989247312 17
1711417608591 0.22580645161290322 18
1711417997456 0.1935483870967742 19
