1711410410761 0.9449275362318841 0
1711410865050 0.9826086956521739 1
1711411271451 0.9971014492753624 2
1711411674040 1.0 3
1711412078909 0.9942028985507246 4
1711412489971 0.9971014492753624 5
1711412890589 0.9971014492753624 6
1711413293306 1.0 7
1711413695778 0.9971014492753624 8
1711414092384 0.9942028985507246 9
1711414489644 1.0 10
1711414880971 0.9971014492753624 11
1711415265849 1.0 12
1711415655753 1.0 13
1711416040646 0.9942028985507246 14
1711416430068 0.9971014492753624 15
1711416822467 0.9971014492753624 16
1711417221013 0.9942028985507246 17
1711417608592 0.9971014492753624 18
1711417997457 0.9971014492753624 19
