1711410410757 0.6513119009934731 0
1711410865046 0.57974148915919 1
1711411271447 0.5590126551857822 2
1711411674036 0.5842476235713265 3
1711412078905 0.5587141858966655 4
1711412489967 0.5430810866222534 5
1711412890585 0.5084528181038491 6
1711413293302 0.5544908942663234 7
1711413695774 0.5094042151451927 8
1711414092381 0.48639724802089745 9
1711414489641 0.49160322134030054 10
1711414880967 0.48259198318605556 11
1711415265845 0.4581677316683749 12
1711415655750 0.4461066133797713 13
1711416040643 0.43368744372164825 14
1711416430064 0.43690148200074286 15
1711416822463 0.4366706963543478 16
1711417221010 0.40306077480792457 17
1711417608588 0.40029040523740933 18
1711417997453 0.3969140793260646 19
