1711552847696 0.2937853107344633 0
1711553204133 0.5060240963855422 1
1711553546974 0.6181818181818182 2
1711553924352 0.7999999999999999 3
1711554245035 0.9132947976878614 4
1711554560182 0.9550561797752808 5
1711554922926 0.978021978021978 6
1711555278859 0.9891304347826088 7
1711555637318 0.9891304347826088 8
1711555988697 0.9945945945945946 9
1711556352668 0.9945945945945946 10
1711556662997 0.9945945945945946 11
1711557013925 0.9945945945945946 12
1711557372386 0.9945945945945946 13
1711557727922 0.9945945945945946 14
1711558093135 0.9945945945945946 15
1711558409831 0.9945945945945946 16
1711558727303 0.9945945945945946 17
1711559040866 0.9945945945945946 18
1711559355242 0.9945945945945946 19
