1711552847704 0.27956989247311825 0
1711553204141 0.45161290322580644 1
1711553546981 0.5483870967741935 2
1711553924360 0.7311827956989247 3
1711554245043 0.8494623655913979 4
1711554560188 0.9139784946236559 5
1711554922932 0.956989247311828 6
1711555278866 0.978494623655914 7
1711555637324 0.978494623655914 8
1711555988703 0.989247311827957 9
1711556352674 0.989247311827957 10
1711556663004 0.989247311827957 11
1711557013931 0.989247311827957 12
1711557372392 0.989247311827957 13
1711557727928 0.989247311827957 14
1711558093141 0.989247311827957 15
1711558409838 0.989247311827957 16
1711558727309 0.989247311827957 17
1711559040872 0.989247311827957 18
1711559355248 0.989247311827957 19
