1711450926560 0.5329593267882188 0
1711451149570 0.5798036465638149 1
1711451389090 0.5920056100981768 2
1711451582144 0.6639551192145863 3
1711451811997 0.6478260869565218 4
1711452006498 0.7040673211781207 5
1711452207222 0.7503973819541843 6
1711452407613 0.751846657316503 7
1711452603808 0.763627863487611 8
1711452810157 0.7880317905563348 9
1711453014790 0.8085086489013558 10
1711453219917 0.8353903693314633 11
1711453425726 0.8661991584852735 12
1711453630498 0.849041608228144 13
1711453832188 0.8827489481065919 14
1711454034185 0.8891538101916783 15
1711454248197 0.8974287050023375 16
1711454452152 0.881299672744273 17
1711454671507 0.904254324450678 18
1711454880214 0.8891538101916783 19
