1711450926555 0.26595744680851063 0
1711451149566 0.288135593220339 1
1711451389086 0.31932773109243695 2
1711451582140 0.48571428571428577 3
1711451811992 0.4525547445255475 4
1711452006493 0.56 5
1711452207217 0.6490066225165563 6
1711452407609 0.6533333333333333 7
1711452603804 0.6666666666666666 8
1711452810153 0.708860759493671 9
1711453014786 0.7468354430379748 10
1711453219913 0.7852760736196318 11
1711453425721 0.8235294117647058 12
1711453630493 0.8098159509202454 13
1711453832184 0.8571428571428571 14
1711454034181 0.8554913294797687 15
1711454248192 0.872093023255814 16
1711454452146 0.8520710059171597 17
1711454671501 0.8837209302325582 18
1711454880209 0.8554913294797687 19
