1711450926562 0.7971014492753623 0
1711451149573 0.9768115942028985 1
1711451389093 0.9797101449275363 2
1711451582147 0.9623188405797102 3
1711451811999 0.9623188405797102 4
1711452006500 0.9565217391304348 5
1711452207224 0.9739130434782609 6
1711452407616 0.9768115942028985 7
1711452603811 0.9681159420289855 8
1711452810160 0.9739130434782609 9
1711453014792 0.9826086956521739 10
1711453219920 0.9826086956521739 11
1711453425728 0.9797101449275363 12
1711453630500 0.9884057971014493 13
1711453832191 0.991304347826087 14
1711454034188 0.9826086956521739 15
1711454248199 0.9884057971014493 16
1711454452155 0.9884057971014493 17
1711454671510 0.991304347826087 18
1711454880217 0.9826086956521739 19
