1711450926558 0.6284188984948547 0
1711451149569 0.5581459004142785 1
1711451389089 0.4708536718270346 2
1711451582143 0.4898627534302453 3
1711451811995 0.4269324421210716 4
1711452006496 0.3948581598541746 5
1711452207220 0.39133025343493477 6
1711452407612 0.3512570784644109 7
1711452603807 0.33585900199901497 8
1711452810156 0.2981006062827998 9
1711453014789 0.26994744508599516 10
1711453219916 0.2520485749307754 11
1711453425724 0.23047028555397633 12
1711453630496 0.23848665862835713 13
1711453832187 0.20616827556595746 14
1711454034184 0.18993934120897094 15
1711454248195 0.17867809389809575 16
1711454452150 0.19858269597782188 17
1711454671505 0.17469935105620116 18
1711454880212 0.17282563050944127 19
