1711538314457 0.30307516345402175 0
1711538799693 0.6228449569812635 1
1711539217036 0.7175840895103147 2
1711539633399 0.8440255750305196 3
1711540048748 0.9484600981652914 4
1711540464237 0.9892571033213223 5
1711540877815 0.9980955304248398 6
1711541356806 0.9997736276174306 7
1711541773320 1.0 8
1711542185559 1.0 9
1711542592677 1.0 10
1711542994178 1.0 11
1711543396883 1.0 12
1711543804571 1.0 13
1711544213675 1.0 14
1711544618179 1.0 15
1711545027210 1.0 16
1711545433889 1.0 17
1711545849340 1.0 18
1711546254796 1.0 19
