1711538314456 0.304093567251462 0
1711538799689 0.5283018867924528 1
1711539217034 0.6257668711656441 2
1711539633397 0.7590361445783131 3
1711540048746 0.8757396449704142 4
1711540464235 0.9318181818181818 5
1711540877813 0.9608938547486032 6
1711541356804 0.9723756906077349 7
1711541773318 0.9723756906077349 8
1711542185557 0.978021978021978 9
1711542592676 0.9836065573770492 10
1711542994176 0.9836065573770492 11
1711543396882 0.9836065573770492 12
1711543804569 0.9836065573770492 13
1711544213673 0.9891304347826088 14
1711544618177 0.9945945945945946 15
1711545027207 0.9945945945945946 16
1711545433888 0.9945945945945946 17
1711545849337 0.9945945945945946 18
1711546254794 0.9945945945945946 19
