1711538314462 0.27956989247311825 0
1711538799697 0.45161290322580644 1
1711539217040 0.5483870967741935 2
1711539633403 0.6774193548387096 3
1711540048752 0.7956989247311828 4
1711540464242 0.8817204301075269 5
1711540877819 0.9247311827956989 6
1711541356810 0.946236559139785 7
1711541773324 0.946236559139785 8
1711542185564 0.956989247311828 9
1711542592682 0.967741935483871 10
1711542994182 0.967741935483871 11
1711543396888 0.967741935483871 12
1711543804575 0.967741935483871 13
1711544213679 0.978494623655914 14
1711544618183 0.989247311827957 15
1711545027214 0.989247311827957 16
1711545433894 0.989247311827957 17
1711545849344 0.989247311827957 18
1711546254800 0.989247311827957 19
