1711538314463 0.8492753623188406 0
1711538799698 0.9304347826086956 1
1711539217042 0.9449275362318841 2
1711539633405 0.9710144927536232 3
1711540048753 0.9942028985507246 4
1711540464243 0.9971014492753624 5
1711540877821 1.0 6
1711541356811 1.0 7
1711541773325 1.0 8
1711542185565 1.0 9
1711542592683 1.0 10
1711542994183 1.0 11
1711543396889 1.0 12
1711543804577 1.0 13
1711544213681 1.0 14
1711544618185 1.0 15
1711545027216 1.0 16
1711545433895 1.0 17
1711545849345 1.0 18
1711546254802 1.0 19
