1711538314459 0.717036813211909 0
1711538799694 0.40690900996971996 1
1711539217037 0.3536778871050181 2
1711539633401 0.27527195167924023 3
1711540048749 0.15804334876115375 4
1711540464239 0.09240193976240094 5
1711540877817 0.06040614972776856 6
1711541356807 0.04625458336563061 7
1711541773321 0.037155668241599556 8
1711542185561 0.03243252355435972 9
1711542592679 0.028172006991419484 10
1711542994179 0.026834921080052546 11
1711543396885 0.025896115042418757 12
1711543804572 0.025027593882917545 13
1711544213676 0.02444804686149155 14
1711544618180 0.02303748143745338 15
1711545027212 0.02263003474400783 16
1711545433891 0.02227875105743347 17
1711545849341 0.021936773101958105 18
1711546254797 0.021619917602775852 19
