1711390156177 0.20097827527489898 0
1711390382862 0.23661117573721818 1
1711390612448 0.21968788614672244 2
1711390803810 0.2644881590166356 3
1711390990371 0.3252885016245701 4
1711391177091 0.426611797794085 5
1711391369377 0.5002441547048542 6
1711391586994 0.6093777637613553 7
1711391771689 0.671243977659754 8
1711391959724 0.7200072144399342 9
1711392154722 0.7571664368022271 10
1711392354245 0.79842995389049 11
1711392581344 0.8226638295633487 12
1711392800632 0.814611425366994 13
1711393012736 0.8436174264238654 14
1711393221378 0.8573679631669512 15
1711393424788 0.8686866074395534 16
1711393638061 0.8842911006208465 17
1711393845482 0.8855892135913569 18
1711394048990 0.8972356748571263 19
