1711390156179 0.4570359981299673 0
1711390382864 0.5053763440860215 1
1711390612451 0.5053763440860215 2
1711390803813 0.5 3
1711390990374 0.5053763440860215 4
1711391177094 0.5 5
1711391369380 0.5 6
1711391586996 0.5053763440860215 7
1711391771691 0.510752688172043 8
1711391959727 0.5161290322580645 9
1711392154724 0.5053763440860215 10
1711392354247 0.510752688172043 11
1711392581346 0.5268817204301075 12
1711392800635 0.5268817204301075 13
1711393012739 0.521505376344086 14
1711393221381 0.543010752688172 15
1711393424791 0.543010752688172 16
1711393638064 0.5698924731182795 17
1711393845485 0.5860215053763441 18
1711394048993 0.6397849462365591 19
