1711390156175 0.16161616161616163 0
1711390382860 0.021276595744680854 1
1711390612446 0.021276595744680854 2
1711390803808 0.0 3
1711390990369 0.021276595744680854 4
1711391177089 0.0 5
1711391369375 0.0 6
1711391586992 0.021276595744680854 7
1711391771687 0.04210526315789474 8
1711391959722 0.0625 9
1711392154720 0.021276595744680854 10
1711392354243 0.04210526315789474 11
1711392581342 0.10204081632653061 12
1711392800630 0.10204081632653061 13
1711393012734 0.08247422680412372 14
1711393221377 0.15841584158415845 15
1711393424787 0.15841584158415845 16
1711393638060 0.24528301886792453 17
1711393845481 0.29357798165137616 18
1711394048989 0.43697478991596633 19
