1711390156180 0.17204301075268819 0
1711390382866 0.010752688172043012 1
1711390612452 0.010752688172043012 2
1711390803814 0.0 3
1711390990375 0.010752688172043012 4
1711391177095 0.0 5
1711391369381 0.0 6
1711391586997 0.010752688172043012 7
1711391771693 0.021505376344086023 8
1711391959729 0.03225806451612903 9
1711392154726 0.010752688172043012 10
1711392354249 0.021505376344086023 11
1711392581348 0.053763440860215055 12
1711392800637 0.053763440860215055 13
1711393012740 0.043010752688172046 14
1711393221382 0.08602150537634409 15
1711393424792 0.08602150537634409 16
1711393638065 0.13978494623655913 17
1711393845486 0.17204301075268819 18
1711394048994 0.27956989247311825 19
