1711432289629 0.6105656848994857 0
1711432644114 0.7563814866760168 1
1711433002797 0.8033193080878915 2
1711433308797 0.9067321178120618 3
1711433655889 0.9487143525011688 4
1711433965056 0.978494623655914 5
1711434270079 0.989247311827957 6
1711434614211 1.0 7
1711434918644 1.0 8
1711435223841 1.0 9
1711435534531 1.0 10
1711435841948 1.0 11
1711436150033 1.0 12
1711436458295 1.0 13
1711436756245 1.0 14
1711437053573 1.0 15
1711437351953 1.0 16
1711437662492 1.0 17
1711437978579 1.0 18
1711438293109 1.0 19
