1711432289628 0.5558276225591597 0
1711432644113 0.3110730399433593 1
1711433002796 0.2715943883484871 2
1711433308796 0.14725380930019635 3
1711433655888 0.07715886254808867 4
1711433965055 0.03890720673031188 5
1711434270078 0.025922972222110107 6
1711434614210 0.02113360142675135 7
1711434918643 0.017368188637348098 8
1711435223839 0.016021606315362973 9
1711435534530 0.014076348241528328 10
1711435841947 0.013322386905928477 11
1711436150032 0.012801869478352695 12
1711436458294 0.012370959339220366 13
1711436756244 0.011850065837599125 14
1711437053571 0.011591833343829518 15
1711437351951 0.011243312552848094 16
1711437662491 0.010969572870097666 17
1711437978577 0.01066188273864535 18
1711438293107 0.010486545645100584 19
