1711405339531 0.34936185186191593 0
1711405624733 0.5385245556185136 1
1711405865032 0.7794698202205761 2
1711406115264 0.8455516199320003 3
1711406361002 0.9187011758594336 4
1711406644392 0.9515490079289013 5
1711406886908 0.9720063547060752 6
1711407131375 0.9873741302345961 7
1711407370370 0.9884345505523457 8
1711407616934 0.9944731603085035 9
1711407859871 0.996786782124831 10
1711408107864 0.9990864571086921 11
1711408348492 0.9989913722553545 12
1711408592955 0.9995565901784724 13
1711408829892 0.9996580073145054 14
1711409075031 1.0 15
1711409310169 1.0 16
1711409540842 0.9997736276174306 17
1711409773035 0.9998856097002974 18
1711410013633 0.9997736276174306 19
