1711405339529 0.224 0
1711405624731 0.35772357723577236 1
1711405865030 0.6535947712418301 2
1711406115262 0.713375796178344 3
1711406360999 0.804878048780488 4
1711406644390 0.8588235294117647 5
1711406886907 0.9142857142857143 6
1711407131373 0.9378531073446327 7
1711407370369 0.937142857142857 8
1711407616932 0.9378531073446327 9
1711407859870 0.9723756906077349 10
1711408107862 0.9608938547486032 11
1711408348490 0.9666666666666666 12
1711408592954 0.9723756906077349 13
1711408829890 0.9666666666666666 14
1711409075029 0.9666666666666666 15
1711409310167 0.9723756906077349 16
1711409540840 0.9666666666666666 17
1711409773033 0.9836065573770492 18
1711410013632 0.9836065573770492 19
