1711405339535 0.15053763440860216 0
1711405624737 0.23655913978494625 1
1711405865036 0.5376344086021505 2
1711406115268 0.6021505376344086 3
1711406361006 0.7096774193548387 4
1711406644396 0.7849462365591398 5
1711406886912 0.8602150537634409 6
1711407131379 0.8924731182795699 7
1711407370374 0.8817204301075269 8
1711407616938 0.8924731182795699 9
1711407859875 0.946236559139785 10
1711408107868 0.9247311827956989 11
1711408348496 0.9354838709677419 12
1711408592959 0.946236559139785 13
1711408829896 0.9354838709677419 14
1711409075035 0.9354838709677419 15
1711409310173 0.946236559139785 16
1711409540846 0.9354838709677419 17
1711409773039 0.967741935483871 18
1711410013637 0.967741935483871 19
