1711405339536 0.9478260869565217 0
1711405624738 0.9768115942028985 1
1711405865037 0.9710144927536232 2
1711406115269 0.9768115942028985 3
1711406361007 0.9855072463768116 4
1711406644397 0.9884057971014493 5
1711406886913 0.9942028985507246 6
1711407131380 0.9971014492753624 7
1711407370375 1.0 8
1711407616939 0.9971014492753624 9
1711407859877 1.0 10
1711408107869 1.0 11
1711408348497 1.0 12
1711408592961 1.0 13
1711408829897 1.0 14
1711409075036 1.0 15
1711409310174 1.0 16
1711409540847 1.0 17
1711409773040 1.0 18
1711410013639 1.0 19
