1711405339532 0.5462472924205675 0
1711405624734 0.46094943410355477 1
1711405865033 0.3439180732122091 2
1711406115265 0.28062310521320766 3
1711406361003 0.22378217968579434 4
1711406644394 0.18436561790975364 5
1711406886910 0.145754596744462 6
1711407131376 0.12015928864225503 7
1711407370372 0.11601193747279866 8
1711407616935 0.10223554220389719 9
1711407859873 0.0842862002433014 10
1711408107865 0.07900029090275008 11
1711408348493 0.0782736463059079 12
1711408592957 0.07239040465346117 13
1711408829893 0.07389325736389286 14
1711409075032 0.06852313185235077 15
1711409310170 0.06338754483068985 16
1711409540843 0.06739623983717283 17
1711409773036 0.06152853690798513 18
1711410013635 0.061679365883100794 19
