1711399883636 0.3034447275139333 0
1711400185883 0.26197182145484454 1
1711400449170 0.30553568808851617 2
1711400711609 0.21114873116174532 3
1711400979779 0.22036562399141313 4
1711401250992 0.24907486047188127 5
1711401521382 0.2447442046523896 6
1711401790556 0.2517233190853728 7
1711402061829 0.29831652052386615 8
1711402346053 0.3664359450517069 9
1711402620977 0.37311320243920054 10
1711402901121 0.35202540568542107 11
1711403176625 0.3985704241623458 12
1711403450897 0.4692000024173099 13
1711403728315 0.43771424333819947 14
1711403999816 0.4380643212382799 15
1711404276469 0.4676775556108075 16
1711404551879 0.5251539107236859 17
1711404823089 0.5404661890763601 18
1711405097216 0.5769621330751586 19
