1711399883639 0.5167367928938756 0
1711400185886 0.5268817204301075 1
1711400449173 0.5093034128097242 2
1711400711612 0.510752688172043 3
1711400979781 0.5053763440860215 4
1711401250995 0.510752688172043 5
1711401521385 0.5053763440860215 6
1711401790559 0.510752688172043 7
1711402061832 0.5039270687237027 8
1711402346056 0.5053763440860215 9
1711402620980 0.5053763440860215 10
1711402901123 0.5 11
1711403176627 0.5 12
1711403450900 0.510752688172043 13
1711403728317 0.510752688172043 14
1711403999818 0.5 15
1711404276471 0.5 16
1711404551881 0.5 17
1711404823092 0.5053763440860215 18
1711405097219 0.5 19
