1711399883633 0.2868525896414343 0
1711400185881 0.10204081632653061 1
1711400449167 0.04166666666666667 2
1711400711608 0.04210526315789474 3
1711400979777 0.021276595744680854 4
1711401250991 0.04210526315789474 5
1711401521380 0.021276595744680854 6
1711401790555 0.04210526315789474 7
1711402061828 0.02105263157894737 8
1711402346051 0.021276595744680854 9
1711402620976 0.021276595744680854 10
1711402901119 0.0 11
1711403176623 0.0 12
1711403450895 0.04210526315789474 13
1711403728313 0.04210526315789474 14
1711403999814 0.0 15
1711404276467 0.0 16
1711404551877 0.0 17
1711404823087 0.021276595744680854 18
1711405097214 0.0 19
