1711399883637 0.6808999344774577 0
1711400185884 0.5816569560841066 1
1711400449171 0.5463924317123139 2
1711400711611 0.5716115333241959 3
1711400979780 0.556494320466366 4
1711401250994 0.5455015822054317 5
1711401521384 0.5359940582622676 6
1711401790558 0.5317325453065573 7
1711402061831 0.520839294988543 8
1711402346055 0.5063416334762149 9
1711402620978 0.5059870692760977 10
1711402901122 0.5041474632272437 11
1711403176626 0.488254068444853 12
1711403450898 0.48297474492494374 13
1711403728316 0.48234969193804755 14
1711403999817 0.4856716400888412 15
1711404276470 0.4814046662317836 16
1711404551880 0.46461674610161346 17
1711404823090 0.4687071308221447 18
1711405097217 0.4522835409362294 19
