1711552847699 0.33999943259404986 0
1711553204136 0.5636099856714823 1
1711553546977 0.6856016314676658 2
1711553924355 0.8959499894921964 3
1711554245038 0.977950547593275 4
1711554560183 0.998036438017436 5
1711554922928 0.9991483019269669 6
1711555278861 0.99945139346061 7
1711555637319 0.9996639784946235 8
1711555988699 0.9998856097002974 9
1711556352669 1.0 10
1711556662999 1.0 11
1711557013926 1.0 12
1711557372387 1.0 13
1711557727924 1.0 14
1711558093137 1.0 15
1711558409834 1.0 16
1711558727304 1.0 17
1711559040868 1.0 18
1711559355244 1.0 19
