1711552847702 0.5557269752220664 0
1711553204140 0.6808789153810192 1
1711553546980 0.743758765778401 2
1711553924359 0.8525479195885928 3
1711554245041 0.9232819074333801 4
1711554560186 0.956989247311828 5
1711554922931 0.978494623655914 6
1711555278864 0.989247311827957 7
1711555637322 0.989247311827957 8
1711555988702 0.9946236559139785 9
1711556352672 0.9946236559139785 10
1711556663002 0.9946236559139785 11
1711557013929 0.9946236559139785 12
1711557372390 0.9946236559139785 13
1711557727927 0.9946236559139785 14
1711558093140 0.9946236559139785 15
1711558409837 0.9946236559139785 16
1711558727307 0.9946236559139785 17
1711559040871 0.9946236559139785 18
1711559355247 0.9946236559139785 19
