1711552847701 0.7453212559502719 0
1711553204138 0.49533022869526094 1
1711553546978 0.3789347067964896 2
1711553924357 0.20634923229073196 3
1711554245040 0.11335579796048179 4
1711554560185 0.05476934866533938 5
1711554922929 0.03689644411162962 6
1711555278863 0.030203129944526556 7
1711555637321 0.026414737228436933 8
1711555988700 0.023337740398581535 9
1711556352671 0.020594120349629957 10
1711556663001 0.019861235667271743 11
1711557013928 0.019037069120904894 12
1711557372389 0.018540455162132412 13
1711557727925 0.018125660409880957 14
1711558093139 0.01744096638276369 15
1711558409835 0.01726332067809621 16
1711558727306 0.01717076252900183 17
1711559040869 0.01698054272190595 18
1711559355245 0.01689555341514168 19
