1711460354259 0.4034436260428117 0
1711460739209 0.677270175632694 1
1711461086587 0.7278726112265816 2
1711461425349 0.8413677272888062 3
1711461776279 0.7877756864065559 4
1711462179613 0.898664601780381 5
1711462529628 0.9708555076700381 6
1711462881465 0.9941540664703946 7
1711463214740 0.9981609134424627 8
1711463546099 0.9996580073145054 9
1711463879273 0.9998856097002974 10
1711464225976 1.0 11
1711464561438 1.0 12
1711464912185 1.0 13
1711465249959 1.0 14
1711465586216 1.0 15
1711465977043 1.0 16
1711466324956 1.0 17
1711466670586 1.0 18
1711467011202 1.0 19
