1711460354262 0.6018700327255727 0
1711460739212 0.7340345956054231 1
1711461086591 0.7603085553997195 2
1711461425352 0.8198690977092099 3
1711461776282 0.798971482000935 4
1711462179616 0.87260402057036 5
1711462529631 0.9311360448807855 6
1711462881467 0.9662926601215521 7
1711463214743 0.9838709677419355 8
1711463546102 0.9838709677419355 9
1711463879276 0.9838709677419355 10
1711464225979 0.9946236559139785 11
1711464561441 0.989247311827957 12
1711464912188 0.9946236559139785 13
1711465249962 0.9946236559139785 14
1711465586218 0.9946236559139785 15
1711465977045 0.9946236559139785 16
1711466324959 0.9946236559139785 17
1711466670589 0.9946236559139785 18
1711467011204 1.0 19
