1711450926557 0.2717231679760822 0
1711451149568 0.4147461587720185 1
1711451389088 0.5639705941307018 2
1711451582141 0.5900876868145764 3
1711451811994 0.6214213855745913 4
1711452006495 0.7039714740210834 5
1711452207219 0.7340038097952172 6
1711452407610 0.7664160112811367 7
1711452603805 0.7730862031217695 8
1711452810155 0.8344086666557244 9
1711453014787 0.8710949997701936 10
1711453219914 0.8891447137791978 11
1711453425723 0.9148106830800874 12
1711453630495 0.9033674877820943 13
1711453832186 0.9293372819705374 14
1711454034183 0.9366848507639893 15
1711454248194 0.9512550665398547 16
1711454452148 0.9386333800114175 17
1711454671504 0.9540989834532232 18
1711454880211 0.9493954831302635 19
