1711450926561 0.26881720430107525 0
1711451149572 0.1827956989247312 1
1711451389092 0.20430107526881722 2
1711451582145 0.3655913978494624 3
1711451811998 0.3333333333333333 4
1711452006499 0.45161290322580644 5
1711452207223 0.5268817204301075 6
1711452407614 0.5268817204301075 7
1711452603809 0.5591397849462365 8
1711452810159 0.6021505376344086 9
1711453014791 0.6344086021505376 10
1711453219919 0.6881720430107527 11
1711453425727 0.7526881720430108 12
1711453630499 0.7096774193548387 13
1711453832190 0.7741935483870968 14
1711454034187 0.7956989247311828 15
1711454248198 0.8064516129032258 16
1711454452153 0.7741935483870968 17
1711454671508 0.8172043010752689 18
1711454880215 0.7956989247311828 19
