1711546546233 0.4193678996049539 0
1711546867842 0.6977215681680449 1
1711547188355 0.8370646084403751 2
1711547470615 0.9660161016846451 3
1711547748607 0.9955870534138248 4
1711548036900 0.9997736276174306 5
1711548331059 1.0 6
1711548622053 1.0 7
1711548894055 1.0 8
1711549215499 1.0 9
1711549539370 1.0 10
1711549867621 1.0 11
1711550207781 1.0 12
1711550568365 1.0 13
1711550932110 1.0 14
1711551277263 1.0 15
1711551614021 1.0 16
1711551912646 1.0 17
1711552224782 1.0 18
1711552532495 1.0 19
