1711546546234 0.5640000659251744 0
1711546867844 0.38450665754416685 1
1711547188357 0.2647427623836617 2
1711547470617 0.13313673391845926 3
1711547748609 0.0628011514477875 4
1711548036901 0.03452663700488607 5
1711548331060 0.02266389178994134 6
1711548622055 0.018236029881580452 7
1711548894057 0.016343918151017475 8
1711549215500 0.01478036919737465 9
1711549539372 0.012998021540644241 10
1711549867623 0.012577284306054082 11
1711550207782 0.012179506004058828 12
1711550568367 0.011965039361644144 13
1711550932112 0.011708718675508812 14
1711551277264 0.011165680840860465 15
1711551614022 0.011048443052233127 16
1711551912648 0.0109838897654884 17
1711552224784 0.010939424498350761 18
1711552532497 0.010889167459879251 19
