1711405339534 0.5491818606825619 0
1711405624735 0.6066853669939224 1
1711405865035 0.7543244506778868 2
1711406115267 0.7894810659186535 3
1711406361004 0.8475923328658252 4
1711406644395 0.8866760168302945 5
1711406886911 0.9272089761570828 6
1711407131377 0.9447872837774661 7
1711407370373 0.9408602150537635 8
1711407616937 0.9447872837774661 9
1711407859874 0.9731182795698925 10
1711408107867 0.9623655913978495 11
1711408348494 0.967741935483871 12
1711408592958 0.9731182795698925 13
1711408829894 0.967741935483871 14
1711409075033 0.967741935483871 15
1711409310172 0.9731182795698925 16
1711409540845 0.967741935483871 17
1711409773037 0.9838709677419355 18
1711410013636 0.9838709677419355 19
